0.1
   0.3900   0.3910   0.3920   0.3930   0.3940   0.3951   0.3961   0.3971   0.3981   0.3991   0.4001   0.4011   0.4021   0.4031   0.4041   0.4052   0.4062   0.4072   0.4082   0.4092   0.4102   0.4112   0.4122   0.4132   0.4142   0.4153   0.4163   0.4173   0.4183   0.4193   0.4203   0.4213   0.4223   0.4233   0.4243   0.4254   0.4264   0.4274   0.4284   0.4294   0.4304   0.4314   0.4324   0.4334   0.4344   0.4355   0.4365   0.4375   0.4385   0.4395   0.4405   0.4415   0.4425   0.4435   0.4445   0.4456   0.4466   0.4476   0.4486   0.4496   0.4506   0.4516   0.4526   0.4536   0.4546   0.4557   0.4567   0.4577   0.4587   0.4597   0.4607   0.4617   0.4627   0.4637   0.4647   0.4658   0.4668   0.4678   0.4688   0.4698   0.4708   0.4718   0.4728   0.4738   0.4748   0.4759   0.4769   0.4779   0.4789   0.4799   0.4809   0.4819   0.4829   0.4839   0.4849   0.4860   0.4870   0.4880   0.4890   0.4900

   95.0000   98.0000   94.0000   97.0000   99.0000
   95.0000   98.0000   94.0000   97.0000   99.0000
   95.0000   98.0000   94.0000   97.0000   99.0000
   95.0000   98.0000   94.0000   97.0000   99.0000
   95.0000   98.0000   94.0000   97.0000   99.0000
   95.0000   98.0000   94.0000   97.0000   99.0000
   95.0000   98.0000   94.0000   97.0000   99.0000
   95.0000   98.0000   94.0000   97.0000   99.0000
   95.0000   98.0000   94.0000   97.0000   99.0000
   95.0000   98.0000   94.0000   97.0000   99.0000
   95.0000   98.0000   94.0000   97.0000   99.0000
   95.0000   98.0000   94.0000   97.0000   99.0000
   95.0000   98.0000   94.0000   97.0000   99.0000
   95.0000   98.0000   94.0000   97.0000   99.0000
   95.0000   98.0000   94.0000   97.0000   99.0000
   95.0000   98.0000   94.0000   97.0000   99.0000
   95.0000   98.0000   94.0000   97.0000   99.0000
   95.0000   98.0000   94.0000   97.0000   99.0000
   95.0000   98.0000   94.0000   97.0000   99.0000
   95.0000   98.0000   94.0000   97.0000   99.0000
   95.0000   98.0000   94.0000   97.0000   99.0000
   95.0000   98.0000   94.0000   97.0000   99.0000
   95.0000   98.0000   94.0000   97.0000   99.0000
   95.0000   98.0000   94.0000   97.0000   99.0000
   95.0000   98.0000   94.0000   97.0000   99.0000
   95.0000   98.0000   94.0000   97.0000   99.0000
   95.0000   98.0000   94.0000   97.0000   99.0000
   95.0000   98.0000   94.0000   97.0000   99.0000
   95.0000   98.0000   94.0000   96.0000   99.0000
   95.0000   98.0000   94.0000   96.0000   99.0000
   95.0000   98.0000   94.0000   96.0000   99.0000
   95.0000   98.0000   93.0000   96.0000   99.0000
   95.0000   98.0000   93.0000   96.0000   99.0000
   95.0000   98.0000   93.0000   97.0000   98.0000
   95.0000   98.0000   93.0000   97.0000   97.0000
   94.0000   98.0000   93.0000   97.0000   97.0000
   93.0000   97.0000   89.0000   96.0000   97.0000
   87.0000   95.0000   84.0000   90.0000   90.0000
   73.0000   73.0000   70.0000   70.0000   73.0000
   62.0000   58.0000   52.0000   53.0000   60.0000
   50.0000   55.0000   38.0000   38.0000   48.0000
   38.0000   49.0000   26.0000   31.0000   44.0000
   29.0000   38.0000   21.0000   28.0000   39.0000
   27.0000   32.0000   19.0000   26.0000   32.0000
   25.0000   31.0000   14.0000   22.0000   30.0000
   20.0000   27.0000   10.0000   13.0000   25.0000
   17.0000   25.0000    8.0000   12.0000   25.0000
   15.0000   24.0000    9.0000    9.0000   22.0000
   14.0000   21.0000    9.0000    9.0000   21.0000
   14.0000   20.0000    7.0000   10.0000   21.0000
   14.0000   19.0000    7.0000   10.0000   20.0000
   14.0000   19.0000    8.0000   11.0000   21.0000
   16.0000   19.0000    8.0000   12.0000   22.0000
   16.0000   22.0000    9.0000   13.0000   24.0000
   16.0000   22.0000   10.0000   14.0000   24.0000
   18.0000   22.0000   10.0000   16.0000   24.0000
   21.0000   23.0000   12.0000   17.0000   26.0000
   23.0000   24.0000   15.0000   18.0000   29.0000
   28.0000   27.0000   18.0000   21.0000   31.0000
   30.0000   35.0000   22.0000   29.0000   35.0000
   36.0000   45.0000   27.0000   34.0000   44.0000
   49.0000   58.0000   36.0000   42.0000   50.0000
   56.0000   70.0000   46.0000   52.0000   56.0000
   58.0000   75.0000   52.0000   58.0000   57.0000
   64.0000   80.0000   53.0000   62.0000   63.0000
   70.0000   82.0000   55.0000   64.0000   65.0000
   75.0000   82.0000   60.0000   70.0000   70.0000
   77.0000   86.0000   60.0000   72.0000   71.0000
   78.0000   86.0000   65.0000   74.0000   72.0000
   80.0000   87.0000   65.0000   75.0000   73.0000
   81.0000   87.0000   66.0000   76.0000   74.0000
   82.0000   88.0000   68.0000   78.0000   77.0000
   83.0000   89.0000   70.0000   79.0000   80.0000
   84.0000   89.0000   72.0000   81.0000   83.0000
   84.0000   90.0000   73.0000   81.0000   83.0000
   84.0000   90.0000   73.0000   84.0000   83.0000
   84.0000   90.0000   74.0000   84.0000   86.0000
   87.0000   91.0000   75.0000   87.0000   88.0000
   87.0000   91.0000   75.0000   87.0000   90.0000
   88.0000   91.0000   75.0000   87.0000   90.0000
   88.0000   92.0000   75.0000   88.0000   90.0000
   88.0000   94.0000   75.0000   89.0000   90.0000
   88.0000   94.0000   77.0000   89.0000   90.0000
   88.0000   94.0000   79.0000   90.0000   90.0000
   88.0000   94.0000   80.0000   90.0000   90.0000
   88.0000   94.0000   81.0000   90.0000   90.0000
   88.0000   95.0000   82.0000   90.0000   90.0000
   88.0000   95.0000   84.0000   90.0000   90.0000
   88.0000   95.0000   84.0000   90.0000   90.0000
   88.0000   95.0000   84.0000   91.0000   91.0000
   90.0000   95.0000   84.0000   92.0000   91.0000
   90.0000   95.0000   84.0000   93.0000   91.0000
   90.0000   95.0000   84.0000   93.0000   91.0000
   90.0000   95.0000   87.0000   93.0000   91.0000
   90.0000   95.0000   87.0000   93.0000   91.0000
   90.0000   95.0000   87.0000   93.0000   91.0000
   90.0000   95.0000   88.0000   93.0000   91.0000
   90.0000   95.0000   88.0000   93.0000   91.0000
   90.0000   95.0000   89.0000   93.0000   91.0000
   90.0000   96.0000   89.0000   94.0000   91.0000

