0.1	100
   1.0000
        0
   1.0000

   1.0132
   0.0990
   0.9976

   1.0520
   0.1919
   0.9904

   1.1145
   0.2730
   0.9784

   1.1972
   0.3373
   0.9617

   1.2958
   0.3804
   0.9404

   1.4051
   0.3992
   0.9146

   1.5192
   0.3921
   0.8843

   1.6320
   0.3584
   0.8498

   1.7375
   0.2992
   0.8112

   1.8301
   0.2168
   0.7687

   1.9047
   0.1146
   0.7225

   1.9575
  -0.0027
   0.6729

   1.9854
  -0.1298
   0.6199

   1.9869
  -0.2607
   0.5640

   1.9618
  -0.3894
   0.5054

   1.9113
  -0.5099
   0.4444

   1.8380
  -0.6167
   0.3812

   1.7455
  -0.7049
   0.3162

   1.6386
  -0.7707
   0.2496

   1.5228
  -0.8114
   0.1819

   1.4040
  -0.8256
   0.1133

   1.2883
  -0.8136
   0.0441

   1.1817
  -0.7766
  -0.0253

   1.0896
  -0.7174
  -0.0945

   1.0167
  -0.6400
  -0.1633

   0.9665
  -0.5493
  -0.2313

   0.9416
  -0.4508
  -0.2982

   0.9430
  -0.3506
  -0.3637

   0.9704
  -0.2547
  -0.4274

   1.0221
  -0.1690
  -0.4891

   1.0952
  -0.0988
  -0.5484

   1.1855
  -0.0485
  -0.6051

   1.2879
  -0.0218
  -0.6588

   1.3969
  -0.0206
  -0.7094

   1.5063
  -0.0459
  -0.7565

   1.6101
  -0.0971
  -0.8001

   1.7025
  -0.1723
  -0.8397

   1.7783
  -0.2683
  -0.8754

   1.8332
  -0.3807
  -0.9068

   1.8640
  -0.5044
  -0.9338

   1.8687
  -0.6336
  -0.9564

   1.8467
  -0.7623
  -0.9743

   1.7989
  -0.8844
  -0.9876

   1.7274
  -0.9941
  -0.9961

   1.6356
  -1.0865
  -0.9998

   1.5280
  -1.1574
  -0.9987

   1.4099
  -1.2039
  -0.9928

   1.2871
  -1.2240
  -0.9821

   1.1658
  -1.2177
  -0.9667

   1.0519
  -1.1858
  -0.9466

   0.9511
  -1.1308
  -0.9220

   0.8683
  -1.0564
  -0.8930

   0.8074
  -0.9671
  -0.8596

   0.7711
  -0.8684
  -0.8221

   0.7610
  -0.7662
  -0.7806

   0.7772
  -0.6666
  -0.7354

   0.8184
  -0.5755
  -0.6867

   0.8818
  -0.4985
  -0.6346

   0.9637
  -0.4403
  -0.5795

   1.0594
  -0.4046
  -0.5216

   1.1632
  -0.3940
  -0.4612

   1.2692
  -0.4098
  -0.3985

   1.3712
  -0.4517
  -0.3340

   1.4635
  -0.5182
  -0.2678

   1.5406
  -0.6065
  -0.2004

   1.5979
  -0.7125
  -0.1320

   1.6319
  -0.8312
  -0.0629

   1.6403
  -0.9571
   0.0064

   1.6220
  -1.0841
   0.0758

   1.5775
  -1.2062
   0.1447

   1.5086
  -1.3174
   0.2130

   1.4184
  -1.4126
   0.2802

   1.3111
  -1.4873
   0.3461

   1.1918
  -1.5382
   0.4103

   1.0661
  -1.5632
   0.4726

   0.9402
  -1.5615
   0.5325

   0.8202
  -1.5339
   0.5899

   0.7117
  -1.4823
   0.6445

   0.6199
  -1.4101
   0.6960

   0.5490
  -1.3216
   0.7441

   0.5022
  -1.2221
   0.7886

   0.4814
  -1.1173
   0.8294

   0.4869
  -1.0134
   0.8661

   0.5180
  -0.9164
   0.8987

   0.5722
  -0.8320
   0.9269

   0.6461
  -0.7650
   0.9507

   0.7352
  -0.7196
   0.9699

   0.8341
  -0.6987
   0.9845

   0.9369
  -0.7039
   0.9943

   1.0376
  -0.7354
   0.9993

   1.1301
  -0.7921
   0.9995

   1.2089
  -0.8713
   0.9949

   1.2691
  -0.9695
   0.9855

   1.3069
  -1.0820
   0.9714

   1.3196
  -1.2031
   0.9525

   1.3059
  -1.3271
   0.9291

   1.2658
  -1.4477
   0.9013

   1.2006
  -1.5591
   0.8691

   1.1132
  -1.6558
   0.8327

   1.0074
  -1.7332
   0.7923

   0.8881
  -1.7875
   0.7481

   0.7609
  -1.8163
   0.7002

   0.6318
  -1.8185
   0.6491

   0.5069
  -1.7944
   0.5947

   0.3920
  -1.7456
   0.5376

   0.2925
  -1.6751
   0.4778

   0.2129
  -1.5870
   0.4157

   0.1567
  -1.4863
   0.3517

   0.1260
  -1.3787
   0.2859

   0.1218
  -1.2702
   0.2188

   0.1435
  -1.1669
   0.1506

   0.1892
  -1.0745
   0.0817

   0.2557
  -0.9984
   0.0124

   0.3389
  -0.9427
  -0.0570

   0.4334
  -0.9109
  -0.1261

   0.5335
  -0.9048
  -0.1945

   0.6333
  -0.9250
  -0.2621

   0.7265
  -0.9709
  -0.3284

   0.8076
  -1.0402
  -0.3931

   0.8715
  -1.1295
  -0.4559

   0.9140
  -1.2345
  -0.5165

   0.9320
  -1.3498
  -0.5746

   0.9239
  -1.4695
  -0.6300

   0.8892
  -1.5876
  -0.6823

   0.8291
  -1.6980
  -0.7314

   0.7458
  -1.7953
  -0.7769

   0.6430
  -1.8743
  -0.8187

   0.5253
  -1.9312
  -0.8565

   0.3981
  -1.9632
  -0.8903

   0.2673
  -1.9687
  -0.9197

   0.1391
  -1.9477
  -0.9447

   0.0194
  -1.9014
  -0.9652

  -0.0863
  -1.8323
  -0.9810

  -0.1733
  -1.7445
  -0.9921

  -0.2377
  -1.6425
  -0.9984

  -0.2770
  -1.5320
  -0.9999

  -0.2899
  -1.4188
  -0.9966

  -0.2766
  -1.3091
  -0.9885

  -0.2385
  -1.2089
  -0.9757

  -0.1785
  -1.1234
  -0.9581

  -0.1006
  -1.0573
  -0.9359

  -0.0098
  -1.0142
  -0.9093

   0.0884
  -0.9964
  -0.8782

   0.1879
  -1.0049
  -0.8430

   0.2827
  -1.0394
  -0.8036

   0.3669
  -1.0980
  -0.7604

   0.4353
  -1.1778
  -0.7136

   0.4833
  -1.2745
  -0.6633

   0.5077
  -1.3830
  -0.6098

   0.5063
  -1.4977
  -0.5534

   0.4784
  -1.6124
  -0.4943

   0.4247
  -1.7212
  -0.4328

   0.3470
  -1.8182
  -0.3693

   0.2488
  -1.8984
  -0.3039

   0.1343
  -1.9574
  -0.2371

   0.0088
  -1.9921
  -0.1692

  -0.1219
  -2.0006
  -0.1005

  -0.2517
  -1.9825
  -0.0312

  -0.3747
  -1.9386
   0.0382

  -0.4851
  -1.8712
   0.1074

  -0.5779
  -1.7837
   0.1760

  -0.6490
  -1.6806
   0.2439

  -0.6956
  -1.5675
   0.3105

  -0.7160
  -1.4500
   0.3757

  -0.7098
  -1.3343
   0.4390

  -0.6784
  -1.2263
   0.5003

  -0.6241
  -1.1317
   0.5591

  -0.5506
  -1.0553
   0.6153

  -0.4626
  -1.0010
   0.6684

  -0.3656
  -0.9715
   0.7184

  -0.2655
  -0.9682
   0.7649

  -0.1685
  -0.9911
   0.8077

  -0.0804
  -1.0388
   0.8467

  -0.0066
  -1.1086
   0.8815

   0.0480
  -1.1965
   0.9121

   0.0798
  -1.2979
   0.9384

   0.0864
  -1.4070
   0.9601

   0.0665
  -1.5179
   0.9772

   0.0205
  -1.6245
   0.9895

  -0.0500
  -1.7210
   0.9972

  -0.1421
  -1.8019
   1.0000

  -0.2517
  -1.8629
   0.9980

  -0.3738
  -1.9002
   0.9912

  -0.5027
  -1.9119
   0.9796

  -0.6325
  -1.8968
   0.9633

  -0.7569
  -1.8556
   0.9424

  -0.8703
  -1.7901
   0.9170

  -0.9674
  -1.7035
   0.8871

  -1.0438
  -1.6000
   0.8529

  -1.0964
  -1.4848
   0.8147

  -1.1229
  -1.3636
   0.7725

  -1.1229
  -1.2425
   0.7266

  -1.0970
  -1.1275
   0.6772

  -1.0474
  -1.0244
   0.6246

  -0.9774
  -0.9383
   0.5689

  -0.8916
  -0.8733
   0.5106

  -0.7950
  -0.8324
   0.4497

  -0.6937
  -0.8175
   0.3867

  -0.5936
  -0.8289
   0.3218

  -0.5008
  -0.8657
   0.2554

  -0.4208
  -0.9255
   0.1877

  -0.3587
  -1.0047
   0.1192

  -0.3185
  -1.0987
   0.0500

  -0.3029
  -1.2022
  -0.0193

  -0.3134
  -1.3091
  -0.0886

  -0.3503
  -1.4135
  -0.1575

  -0.4123
  -1.5094
  -0.2256

  -0.4967
  -1.5911
  -0.2926

  -0.5999
  -1.6541
  -0.3582

  -0.7170
  -1.6944
  -0.4220

  -0.8425
  -1.7094
  -0.4839

  -0.9705
  -1.6979
  -0.5434

  -1.0949
  -1.6600
  -0.6003

  -1.2097
  -1.5972
  -0.6543

  -1.3096
  -1.5122
  -0.7052

  -1.3899
  -1.4092
  -0.7526

  -1.4471
  -1.2929
  -0.7965

  -1.4786
  -1.1690
  -0.8365

  -1.4836
  -1.0435
  -0.8725

  -1.4624
  -0.9225
  -0.9043

  -1.4167
  -0.8118
  -0.9317

  -1.3495
  -0.7168
  -0.9546

  -1.2650
  -0.6418
  -0.9730

  -1.1683
  -0.5903
  -0.9867

  -1.0650
  -0.5645
  -0.9956

  -0.9613
  -0.5650
  -0.9997

  -0.8631
  -0.5913
  -0.9990

  -0.7763
  -0.6415
  -0.9935

  -0.7060
  -0.7122
  -0.9832

  -0.6564
  -0.7991
  -0.9682

  -0.6308
  -0.8970
  -0.9485

  -0.6311
  -1.0002
  -0.9243

  -0.6578
  -1.1026
  -0.8956

  -0.7099
  -1.1981
  -0.8626

  -0.7854
  -1.2810
  -0.8255

  -0.8807
  -1.3464
  -0.7843

  -0.9914
  -1.3901
  -0.7394

  -1.1120
  -1.4092
  -0.6910

  -1.2368
  -1.4020
  -0.6392

  -1.3596
  -1.3682
  -0.5843

  -1.4745
  -1.3091
  -0.5267

  -1.5758
  -1.2269
  -0.4664

  -1.6588
  -1.1254
  -0.4040

  -1.7194
  -1.0092
  -0.3396

  -1.7550
  -0.8839
  -0.2736

  -1.7641
  -0.7553
  -0.2062

  -1.7466
  -0.6296
  -0.1379

  -1.7041
  -0.5126
  -0.0688

  -1.6391
  -0.4098
   0.0005

  -1.5555
  -0.3261
   0.0698

  -1.4581
  -0.2650
   0.1388

  -1.3526
  -0.2291
   0.2072

  -1.2448
  -0.2195
   0.2745

  -1.1409
  -0.2362
   0.3405

  -1.0467
  -0.2773
   0.4049

  -0.9677
  -0.3401
   0.4673

  -0.9082
  -0.4204
   0.5275

  -0.8720
  -0.5133
   0.5851

  -0.8612
  -0.6132
   0.6400

  -0.8767
  -0.7140
   0.6917

  -0.9181
  -0.8096
   0.7401

  -0.9836
  -0.8942
   0.7850

  -1.0699
  -0.9627
   0.8260

  -1.1729
  -1.0106
   0.8631

  -1.2875
  -1.0346
   0.8961

  -1.4078
  -1.0327
   0.9247

  -1.5279
  -1.0042
   0.9489

  -1.6416
  -0.9498
   0.9685

  -1.7433
  -0.8717
   0.9834

  -1.8278
  -0.7732
   0.9936

  -1.8910
  -0.6587
   0.9990

  -1.9298
  -0.5334
   0.9997

  -1.9423
  -0.4032
   0.9955

  -1.9282
  -0.2742
   0.9865

  -1.8884
  -0.1524
   0.9728

  -1.8252
  -0.0434
   0.9543

  -1.7423
   0.0478
   0.9313

  -1.6441
   0.1172
   0.9038

  -1.5361
   0.1620
   0.8720

  -1.4241
   0.1805
   0.8360

  -1.3143
   0.1726
   0.7959

  -1.2127
   0.1396
   0.7520

  -1.1246
   0.0840
   0.7045

  -1.0551
   0.0095
   0.6536

  -1.0078
  -0.0790
   0.5995

  -0.9855
  -0.1762
   0.5426

  -0.9893
  -0.2761
   0.4830

  -1.0193
  -0.3725
   0.4212

  -1.0740
  -0.4596
   0.3572

  -1.1506
  -0.5320
   0.2916

  -1.2451
  -0.5849
   0.2246

  -1.3526
  -0.6148
   0.1565

  -1.4676
  -0.6193
   0.0876

  -1.5839
  -0.5973
   0.0183

  -1.6957
  -0.5491
  -0.0510

  -1.7969
  -0.4765
  -0.1202

  -1.8823
  -0.3825
  -0.1887

  -1.9474
  -0.2712
  -0.2563

  -1.9889
  -0.1476
  -0.3227

  -2.0044
  -0.0175
  -0.3876

  -1.9933
   0.1131
  -0.4506

  -1.9561
   0.2381
  -0.5114

  -1.8948
   0.3517
  -0.5698

  -1.8125
   0.4489
  -0.6254

  -1.7136
   0.5252
  -0.6780

  -1.6034
   0.5774
  -0.7273

  -1.4875
   0.6038
  -0.7731

  -1.3720
   0.6036
  -0.8153

  -1.2630
   0.5777
  -0.8535

  -1.1662
   0.5283
  -0.8875

  -1.0866
   0.4588
  -0.9173

  -1.0283
   0.3738
  -0.9427

  -0.9943
   0.2785
  -0.9636

  -0.9863
   0.1788
  -0.9798

  -1.0046
   0.0807
  -0.9913

  -1.0481
  -0.0096
  -0.9980

  -1.1145
  -0.0867
  -1.0000

  -1.1999
  -0.1456
  -0.9971

  -1.2999
  -0.1824
  -0.9894

  -1.4089
  -0.1945
  -0.9770

  -1.5210
  -0.1802
  -0.9598

  -1.6302
  -0.1396
  -0.9380

  -1.7305
  -0.0740
  -0.9117

  -1.8164
   0.0140
  -0.8811

  -1.8832
   0.1205
  -0.8461

  -1.9271
   0.2406
  -0.8072

  -1.9456
   0.3689
  -0.7643

  -1.9375
   0.4993
  -0.7177

  -1.9031
   0.6258
  -0.6677

  -1.8438
   0.7425
  -0.6145

  -1.7626
   0.8440
  -0.5583

  -1.6635
   0.9257
  -0.4994

  -1.5515
   0.9841
  -0.4382

  -1.4322
   1.0169
  -0.3748

  -1.3116
   1.0232
  -0.3096

  -1.1959
   1.0033
  -0.2429

  -1.0908
   0.9592
  -0.1751

  -1.0016
   0.8938
  -0.1064

  -0.9326
   0.8115
  -0.0372

  -0.8873
   0.7174
   0.0322

  -0.8677
   0.6171
   0.1014

  -0.8744
   0.5167
   0.1702

  -0.9067
   0.4223
   0.2381

  -0.9627
   0.3397
   0.3049

  -1.0390
   0.2738
   0.3702

  -1.1312
   0.2290
   0.4337

  -1.2341
   0.2084
   0.4951

  -1.3417
   0.2137
   0.5542

  -1.4482
   0.2455
   0.6106

  -1.5474
   0.3027
   0.6640

  -1.6337
   0.3830
   0.7143

  -1.7021
   0.4831
   0.7611

  -1.7486
   0.5982
   0.8042

  -1.7703
   0.7230
   0.8435

  -1.7657
   0.8516
   0.8787

  -1.7344
   0.9779
   0.9097

  -1.6779
   1.0960
   0.9363

  -1.5984
   1.2003
   0.9584

  -1.4999
   1.2859
   0.9759

  -1.3870
   1.3491
   0.9887

  -1.2652
   1.3872
   0.9967

  -1.1404
   1.3988
   0.9999

  -1.0188
   1.3839
   0.9983

  -0.9063
   1.3441
   0.9920

  -0.8083
   1.2821
   0.9808

  -0.7295
   1.2018
   0.9649

  -0.6734
   1.1081
   0.9444

  -0.6427
   1.0066
   0.9193

  -0.6382
   0.9032
   0.8898

  -0.6599
   0.8041
   0.8560

  -0.7058
   0.7152
   0.8181

  -0.7731
   0.6416
   0.7763

  -0.8577
   0.5880
   0.7307

  -0.9545
   0.5578
   0.6816

  -1.0578
   0.5531
   0.6292

  -1.1616
   0.5748
   0.5738

  -1.2599
   0.6223
   0.5157

  -1.3468
   0.6938
   0.4550

  -1.4172
   0.7859
   0.3922

  -1.4667
   0.8945
   0.3274

  -1.4922
   1.0143
   0.2611

  -1.4916
   1.1396
   0.1936

  -1.4644
   1.2642
   0.1251

  -1.4114
   1.3822
   0.0560

  -1.3347
   1.4879
  -0.0134

  -1.2378
   1.5762
  -0.0827

  -1.1251
   1.6429
  -0.1516

  -1.0020
   1.6851
  -0.2198

  -0.8743
   1.7010
  -0.2869

  -0.7481
   1.6904
  -0.3526

  -0.6293
   1.6541
  -0.4166

  -0.5237
   1.5948
  -0.4787

  -0.4360
   1.5159
  -0.5384

  -0.3703
   1.4221
  -0.5955

  -0.3293
   1.3188
  -0.6498

  -0.3145
   1.2120
  -0.7009

  -0.3260
   1.1077
  -0.7487

  -0.3625
   1.0120
  -0.7929

  -0.4214
   0.9302
  -0.8332

  -0.4988
   0.8671
  -0.8696

  -0.5899
   0.8265
  -0.9017

  -0.6893
   0.8110
  -0.9295

  -0.7909
   0.8218
  -0.9528

  -0.8887
   0.8586
  -0.9716

  -0.9767
   0.9200
  -0.9857

  -1.0496
   1.0031
  -0.9950

  -1.1028
   1.1039
  -0.9995

  -1.1327
   1.2174
  -0.9993

  -1.1371
   1.3381
  -0.9942

  -1.1149
   1.4597
  -0.9843

  -1.0666
   1.5764
  -0.9697

  -0.9939
   1.6823
  -0.9504

  -0.8999
   1.7721
  -0.9266

  -0.7889
   1.8414
  -0.8983

  -0.6660
   1.8868
  -0.8656

  -0.5367
   1.9063
  -0.8288

  -0.4073
   1.8991
  -0.7880

  -0.2838
   1.8659
  -0.7434

  -0.1719
   1.8087
  -0.6953

  -0.0767
   1.7309
  -0.6438

  -0.0025
   1.6368
  -0.5892

   0.0475
   1.5316
  -0.5317

   0.0716
   1.4211
  -0.4717

   0.0693
   1.3115
  -0.4094

   0.0413
   1.2086
  -0.3452

  -0.0098
   1.1183
  -0.2793

  -0.0808
   1.0455
  -0.2120

  -0.1669
   0.9941
  -0.1438

  -0.2629
   0.9673
  -0.0748

  -0.3629
   0.9664
  -0.0055

  -0.4608
   0.9919
   0.0639

  -0.5506
   1.0425
   0.1329

  -0.6268
   1.1156
   0.2013

  -0.6845
   1.2077
   0.2688

  -0.7199
   1.3139
   0.3349

  -0.7302
   1.4289
   0.3994

  -0.7142
   1.5466
   0.4620

  -0.6718
   1.6610
   0.5224

  -0.6045
   1.7662
   0.5803

  -0.5150
   1.8567
   0.6354

  -0.4072
   1.9277
   0.6874

  -0.2860
   1.9758
   0.7361

  -0.1569
   1.9983
   0.7813

  -0.0259
   1.9942
   0.8227

   0.1008
   1.9638
   0.8601

   0.2174
   1.9087
   0.8934

   0.3185
   1.8319
   0.9224

   0.3997
   1.7374
   0.9470

   0.4575
   1.6303
   0.9670

   0.4897
   1.5163
   0.9823

   0.4953
   1.4014
   0.9929

   0.4750
   1.2917
   0.9988

   0.4306
   1.1929
   0.9998

   0.3653
   1.1103
   0.9960

   0.2834
   1.0481
   0.9874

   0.1900
   1.0098
   0.9741

   0.0909
   0.9971
   0.9561

  -0.0079
   1.0108
   0.9335

  -0.1003
   1.0501
   0.9064

  -0.1806
   1.1128
   0.8749

  -0.2437
   1.1955
   0.8392

  -0.2855
   1.2939
   0.7995

  -0.3030
   1.4025
   0.7559

  -0.2944
   1.5156
   0.7087

  -0.2593
   1.6271
   0.6581

  -0.1988
   1.7309
   0.6043

  -0.1153
   1.8216
   0.5476

  -0.0123
   1.8940
   0.4882

   0.1056
   1.9443
   0.4265

   0.2328
   1.9697
   0.3628

   0.3635
   1.9687
   0.2973

   0.4917
   1.9411
   0.2304

   0.6113
   1.8882
   0.1624

   0.7169
   1.8127
   0.0936

   0.8036
   1.7182
   0.0243

   0.8677
   1.6097
  -0.0451

   0.9066
   1.4926
  -0.1142

   0.9191
   1.3729
  -0.1829

   0.9053
   1.2567
  -0.2506

   0.8667
   1.1499
  -0.3171

   0.8061
   1.0579
  -0.3821

   0.7275
   0.9852
  -0.4453

   0.6359
   0.9356
  -0.5063

   0.5369
   0.9112
  -0.5649

   0.4365
   0.9132
  -0.6207

   0.3408
   0.9411
  -0.6736

   0.2555
   0.9932
  -0.7232

   0.1861
   1.0664
  -0.7694

   0.1368
   1.1565
  -0.8118

   0.1111
   1.2585
  -0.8503

   0.1112
   1.3667
  -0.8848

   0.1376
   1.4750
  -0.9150

   0.1899
   1.5773
  -0.9407

   0.2660
   1.6679
  -0.9620

   0.3625
   1.7416
  -0.9786

   0.4753
   1.7942
  -0.9905

   0.5990
   1.8226
  -0.9977

   0.7279
   1.8248
  -1.0000

   0.8558
   1.8004
  -0.9975

   0.9768
   1.7502
  -0.9902

   1.0851
   1.6766
  -0.9782

   1.1759
   1.5828
  -0.9615

   1.2449
   1.4736
  -0.9401

   1.2893
   1.3543
  -0.9142

   1.3074
   1.2306
  -0.8839

   1.2990
   1.1088
  -0.8493

   1.2652
   0.9947
  -0.8107

   1.2085
   0.8940
  -0.7681

   1.1325
   0.8115
  -0.7219

   1.0420
   0.7512
  -0.6721

   0.9424
   0.7156
  -0.6192

   0.8397
   0.7063
  -0.5632

   0.7399
   0.7231
  -0.5046

   0.6490
   0.7648
  -0.4435

   0.5724
   0.8286
  -0.3803

   0.5148
   0.9106
  -0.3152

   0.4799
   1.0060
  -0.2487

   0.4703
   1.1093
  -0.1809

   0.4869
   1.2143
  -0.1123

   0.5297
   1.3152
  -0.0431

   0.5969
   1.4059
   0.0263

   0.6856
   1.4811
   0.0955

   0.7918
   1.5364
   0.1643

   0.9104
   1.5681
   0.2323

   1.0358
   1.5742
   0.2992

   1.1619
   1.5536
   0.3646

   1.2828
   1.5069
   0.4283

   1.3925
   1.4360
   0.4899

   1.4858
   1.3440
   0.5492

   1.5585
   1.2351
   0.6058

   1.6071
   1.1146
   0.6595

   1.6298
   0.9881
   0.7101

   1.6259
   0.8618
   0.7572

   1.5960
   0.7416
   0.8007

   1.5424
   0.6334
   0.8403

   1.4684
   0.5421
   0.8758

   1.3784
   0.4719
   0.9072

   1.2777
   0.4260
   0.9342

   1.1721
   0.4060
   0.9567

   1.0677
   0.4125
   0.9746

   0.9705
   0.4443
   0.9878

   0.8862
   0.4991
   0.9962

   0.8196
   0.5734
   0.9998

   0.7748
   0.6626
   0.9987

   0.7546
   0.7613
   0.9927

   0.7605
   0.8635
   0.9819

   0.7927
   0.9632
   0.9665

   0.8499
   1.0544
   0.9463

   0.9295
   1.1316
   0.9216

   1.0278
   1.1901
   0.8925

   1.1400
   1.2259
   0.8591

   1.2605
   1.2366
   0.8215

   1.3835
   1.2208
   0.7800

   1.5029
   1.1786
   0.7348

   1.6126
   1.1116
   0.6860

   1.7074
   1.0225
   0.6339

   1.7825
   0.9153
   0.5787

   1.8345
   0.7950
   0.5208

   1.8609
   0.6671
   0.4603

   1.8606
   0.5377
   0.3976

   1.8341
   0.4128
   0.3331

   1.7831
   0.2983
   0.2669

   1.7106
   0.1995
   0.1994

   1.6207
   0.1208
   0.1310

   1.5185
   0.0656
   0.0619

   1.4098
   0.0361
  -0.0074

   1.3006
   0.0330
  -0.0767

   1.1969
   0.0558
  -0.1457

   1.1045
   0.1024
  -0.2139

   1.0285
   0.1697
  -0.2812

   0.9733
   0.2532
  -0.3470

   0.9419
   0.3478
  -0.4112

   0.9364
   0.4477
  -0.4734

   0.9572
   0.5469
  -0.5334

   1.0036
   0.6393
  -0.5907

   1.0731
   0.7191
  -0.6453

   1.1625
   0.7815
  -0.6967

   1.2672
   0.8223
  -0.7447

   1.3819
   0.8386
  -0.7892

   1.5006
   0.8286
  -0.8299

   1.6174
   0.7922
  -0.8666

   1.7262
   0.7304
  -0.8991

   1.8215
   0.6457
  -0.9273

   1.8983
   0.5417
  -0.9510

   1.9528
   0.4231
  -0.9702

   1.9823
   0.2954
  -0.9846

   1.9852
   0.1645
  -0.9944

   1.9617
   0.0365
  -0.9993

   1.9129
  -0.0827
  -0.9995

   1.8417
  -0.1875
  -0.9948

   1.7519
  -0.2734
  -0.9853

   1.6484
  -0.3365
  -0.9711

   1.5365
  -0.3744
  -0.9522

   1.4225
  -0.3858
  -0.9288

   1.3123
  -0.3711
  -0.9009

   1.2118
  -0.3318
  -0.8686

   1.1263
  -0.2707
  -0.8321

   1.0605
  -0.1921
  -0.7917

   1.0178
  -0.1007
  -0.7474

   1.0006
  -0.0024
  -0.6995

   1.0096
   0.0969
  -0.6483

   1.0446
   0.1912
  -0.5940

   1.1035
   0.2745
  -0.5367

   1.1833
   0.3417
  -0.4769

   1.2798
   0.3884
  -0.4149

   1.3878
   0.4114
  -0.3508

   1.5015
   0.4085
  -0.2850

   1.6150
   0.3791
  -0.2178

   1.7222
   0.3239
  -0.1496

   1.8173
   0.2450
  -0.0807

   1.8953
   0.1458
  -0.0114

   1.9519
   0.0307
   0.0579

   1.9841
  -0.0952
   0.1270

   1.9901
  -0.2258
   0.1955

   1.9694
  -0.3553
   0.2630

   1.9231
  -0.4775
   0.3293

   1.8534
  -0.5868
   0.3940

   1.7639
  -0.6782
   0.4568

   1.6592
  -0.7478
   0.5173

   1.5446
  -0.7927
   0.5754

   1.4261
  -0.8114
   0.6308

   1.3098
  -0.8035
   0.6830

   1.2015
  -0.7705
   0.7320

   1.1069
  -0.7148
   0.7775

   1.0308
  -0.6401
   0.8193

   0.9769
  -0.5513
   0.8570

   0.9479
  -0.4538
   0.8907

   0.9452
  -0.3535
   0.9201

   0.9686
  -0.2566
   0.9450

   1.0166
  -0.1690
   0.9654

   1.0866
  -0.0960
   0.9812

   1.1745
  -0.0424
   0.9922

   1.2754
  -0.0117
   0.9985

   1.3838
  -0.0064
   0.9999

   1.4936
  -0.0274
   0.9965

   1.5988
  -0.0746
   0.9884

   1.6935
  -0.1461
   0.9754

   1.7724
  -0.2390
   0.9578

   1.8310
  -0.3490
   0.9356

   1.8660
  -0.4713
   0.9089

   1.8751
  -0.6000
   0.8778

   1.8576
  -0.7292
   0.8424

   1.8139
  -0.8527
   0.8030

   1.7462
  -0.9648
   0.7598

   1.6576
  -1.0604
   0.7129

   1.5524
  -1.1350
   0.6625

   1.4358
  -1.1856
   0.6090

   1.3136
  -1.2102
   0.5525

   1.1918
  -1.2081
   0.4934

   1.0766
  -1.1804
   0.4319

   0.9735
  -1.1290
   0.3683

   0.8876
  -1.0576
   0.3030

   0.8231
  -0.9705
   0.2362

   0.7828
  -0.8730
   0.1682

   0.7686
  -0.7711
   0.0995

   0.7807
  -0.6708
   0.0302

   0.8180
  -0.5781
  -0.0391

   0.8782
  -0.4986
  -0.1083

   0.9575
  -0.4372
  -0.1770

   1.0513
  -0.3978
  -0.2448

   1.1542
  -0.3831
  -0.3115

   1.2603
  -0.3947
  -0.3766

   1.3635
  -0.4325
  -0.4399

   1.4578
  -0.4953
  -0.5011

   1.5377
  -0.5803
  -0.5599

   1.5986
  -0.6838
  -0.6160

   1.6366
  -0.8009
  -0.6692

   1.6493
  -0.9260
  -0.7191

   1.6355
  -1.0533
  -0.7655

   1.5953
  -1.1766
  -0.8083

   1.5303
  -1.2900
  -0.8472

   1.4435
  -1.3881
  -0.8820

   1.3387
  -1.4665
  -0.9125

   1.2211
  -1.5215
  -0.9387

   1.0963
  -1.5508
  -0.9603

   0.9702
  -1.5536
  -0.9774

   0.8490
  -1.5302
  -0.9897

   0.7384
  -1.4824
  -0.9972

   0.6437
  -1.4134
  -1.0000

   0.5694
  -1.3274
  -0.9979

   0.5187
  -1.2294
  -0.9911

   0.4936
  -1.1253
  -0.9794

   0.4950
  -1.0211
  -0.9631

   0.5221
  -0.9227
  -0.9421

   0.5729
  -0.8360
  -0.9166

   0.6439
  -0.7661
  -0.8866

   0.7309
  -0.7171
  -0.8524

   0.8287
  -0.6922
  -0.8141

   0.9313
  -0.6933
  -0.7719

   1.0327
  -0.7207
  -0.7260

   1.1269
  -0.7735
  -0.6765

   1.2083
  -0.8494
  -0.6238

   1.2718
  -0.9449
  -0.5681

   1.3136
  -1.0554
  -0.5097

   1.3305
  -1.1756
  -0.4488

   1.3212
  -1.2996
  -0.3858

   1.2854
  -1.4212
  -0.3209

   1.2242
  -1.5345
  -0.2544

   1.1403
  -1.6340
  -0.1868

   1.0373
  -1.7149
  -0.1182

   0.9199
  -1.7732
  -0.0491

   0.7938
  -1.8064
   0.0203

   0.6647
  -1.8130
   0.0896

   0.5388
  -1.7932
   0.1584

   0.4221
  -1.7484
   0.2265

   0.3199
  -1.6814
   0.2935

   0.2369
  -1.5960
   0.3591

   0.1768
  -1.4972
   0.4229

   0.1420
  -1.3905
   0.4847

   0.1335
  -1.2819
   0.5442

   0.1511
  -1.1775
   0.6011

   0.1932
  -1.0832
   0.6551

   0.2566
  -1.0043
   0.7059

   0.3374
  -0.9453
   0.7533

   0.4304
  -0.9096
   0.7971

   0.5301
  -0.8994
   0.8370

   0.6303
  -0.9155
   0.8730

   0.7250
  -0.9575
   0.9047

   0.8084
  -1.0233
   0.9320

   0.8753
  -1.1097
   0.9549

   0.9215
  -1.2126
   0.9732

   0.9437
  -1.3266
   0.9868

   0.9399
  -1.4461
   0.9957

   0.9095
  -1.5649
   0.9997

   0.8534
  -1.6771
   0.9990

   0.7738
  -1.7769
   0.9934

   0.6739
  -1.8593
   0.9831

   0.5584
  -1.9201
   0.9680

   0.4325
  -1.9564
   0.9482

   0.3020
  -1.9664
   0.9239

   0.1730
  -1.9497
   0.8952

   0.0516
  -1.9075
   0.8621

  -0.0566
  -1.8421
   0.8249

  -0.1469
  -1.7572
   0.7837

  -0.2151
  -1.6574
   0.7388

  -0.2585
  -1.5480
   0.6903

  -0.2757
  -1.4351
   0.6384

  -0.2665
  -1.3247
   0.5835

  -0.2323
  -1.2227
   0.5258

  -0.1756
  -1.1347
   0.4656

  -0.1004
  -1.0654
   0.4031

  -0.0113
  -1.0185
   0.3387

   0.0860
  -0.9967
   0.2726

   0.1857
  -1.0011
   0.2052

   0.2816
  -1.0316
   0.1369

   0.3678
  -1.0866
   0.0679

   0.4390
  -1.1633
  -0.0015

   0.4906
  -1.2576
  -0.0708

   0.5189
  -1.3647
  -0.1398

   0.5218
  -1.4788
  -0.2081

   0.4982
  -1.5940
  -0.2754

   0.4485
  -1.7043
  -0.3414

   0.3746
  -1.8036
  -0.4058

   0.2795
  -1.8869
  -0.4682

   0.1673
  -1.9497
  -0.5283

   0.0433
  -1.9886
  -0.5859

  -0.0869
  -2.0016
  -0.6407

  -0.2172
  -1.9880
  -0.6924

  -0.3416
  -1.9483
  -0.7408

  -0.4544
  -1.8846
  -0.7856

  -0.5503
  -1.8003
  -0.8266

  -0.6252
  -1.6996
  -0.8636

  -0.6759
  -1.5879
  -0.8965

  -0.7005
  -1.4709
  -0.9251

  -0.6987
  -1.3547
  -0.9492

  -0.6712
  -1.2453
  -0.9687

  -0.6205
  -1.1485
  -0.9836

  -0.5498
  -1.0690
  -0.9937

  -0.4640
  -1.0111
  -0.9991

  -0.3681
  -0.9776
  -0.9996

  -0.2682
  -0.9702
  -0.9954

  -0.1704
  -0.9890
  -0.9863

  -0.0805
  -1.0329
  -0.9725

  -0.0042
  -1.0994
  -0.9540

   0.0537
  -1.1849
  -0.9310

   0.0893
  -1.2845
  -0.9034

   0.1000
  -1.3928
  -0.8715

   0.0845
  -1.5039
  -0.8354

   0.0426
  -1.6117
  -0.7953

  -0.0241
  -1.7102
  -0.7513

  -0.1130
  -1.7941
  -0.7038

  -0.2201
  -1.8586
  -0.6528

  -0.3405
  -1.9001
  -0.5987

  -0.4687
  -1.9162
  -0.5418

  -0.5987
  -1.9056
  -0.4822

  -0.7244
  -1.8687
  -0.4203

  -0.8400
  -1.8071
  -0.3563

  -0.9400
  -1.7238
  -0.2907

  -1.0201
  -1.6229
  -0.2236

  -1.0766
  -1.5094
  -0.1555

  -1.1075
  -1.3890
  -0.0866

  -1.1118
  -1.2676
  -0.0174

  -1.0901
  -1.1515
   0.0520

  -1.0443
  -1.0463
   0.1211

  -0.9775
  -0.9573
   0.1897

  -0.8939
  -0.8887
   0.2573

  -0.7989
  -0.8440
   0.3237

  -0.6980
  -0.8249
   0.3885

  -0.5975
  -0.8323
   0.4515

  -0.5032
  -0.8652
   0.5122

  -0.4210
  -0.9215
   0.5706

  -0.3558
  -0.9980
   0.6261

  -0.3119
  -1.0900
   0.6787

  -0.2922
  -1.1924
   0.7280

  -0.2986
  -1.2992
   0.7738

  -0.3314
  -1.4045
   0.8158

  -0.3895
  -1.5021
   0.8540

  -0.4705
  -1.5866
   0.8880

  -0.5710
  -1.6530
   0.9177

  -0.6862
  -1.6972
   0.9431

  -0.8108
  -1.7166
   0.9639

  -0.9388
  -1.7095
   0.9800

  -1.0642
  -1.6759
   0.9914

  -1.1810
  -1.6171
   0.9981

  -1.2837
  -1.5357
   1.0000

  -1.3675
  -1.4354
   0.9970

  -1.4286
  -1.3211
   0.9893

  -1.4645
  -1.1982
   0.9767

  -1.4739
  -1.0727
   0.9595

  -1.4569
  -0.9507
   0.9377

  -1.4151
  -0.8382
   0.9113

  -1.3513
  -0.7405
   0.8806

  -1.2694
  -0.6621
   0.8456

  -1.1745
  -0.6068
   0.8066

  -1.0721
  -0.5768
   0.7636

  -0.9682
  -0.5732
   0.7170

  -0.8689
  -0.5955
   0.6670

  -0.7800
  -0.6420
   0.6137

  -0.7069
  -0.7097
   0.5575

  -0.6538
  -0.7944
   0.4986

  -0.6243
  -0.8910
   0.4373

  -0.6205
  -0.9938
   0.3739

  -0.6430
  -1.0967
   0.3087

  -0.6912
  -1.1937
   0.2420

  -0.7632
  -1.2791
   0.1741

  -0.8557
  -1.3476
   0.1054

  -0.9642
  -1.3951
   0.0362

  -1.0837
  -1.4184
  -0.0332

  -1.2082
  -1.4156
  -0.1024

  -1.3318
  -1.3862
  -0.1711

  -1.4484
  -1.3312
  -0.2390

  -1.5524
  -1.2526
  -0.3058

  -1.6387
  -1.1541
  -0.3711

  -1.7032
  -1.0401
  -0.4346

  -1.7430
  -0.9160
  -0.4960

  -1.7566
  -0.7877
  -0.5550

  -1.7435
  -0.6612
  -0.6113

  -1.7051
  -0.5426
  -0.6647

  -1.6436
  -0.4373
  -0.7149

  -1.5629
  -0.3503
  -0.7617

  -1.4676
  -0.2854
  -0.8048

  -1.3632
  -0.2454
  -0.8440

  -1.2555
  -0.2317
  -0.8792

  -1.1508
  -0.2442
  -0.9101

  -1.0549
  -0.2815
  -0.9366

  -0.9732
  -0.3411
  -0.9587

  -0.9105
  -0.4189
  -0.9761

  -0.8705
  -0.5102
  -0.9888

  -0.8556
  -0.6093
  -0.9968

  -0.8670
  -0.7103
  -0.9999

  -0.9044
  -0.8072
  -0.9983

  -0.9662
  -0.8940
  -0.9918

  -1.0495
  -0.9654
  -0.9806

  -1.1503
  -1.0168
  -0.9647

  -1.2634
  -1.0449
  -0.9441

  -1.3832
  -1.0473
  -0.9189

  -1.5038
  -1.0232
  -0.8894

  -1.6191
  -0.9730
  -0.8555

  -1.7231
  -0.8986
  -0.8176

  -1.8108
  -0.8032
  -0.7757

  -1.8778
  -0.6911
  -0.7300

  -1.9208
  -0.5673
  -0.6809

  -1.9378
  -0.4376
  -0.6285

  -1.9281
  -0.3081
  -0.5730

  -1.8925
  -0.1848
  -0.5148

  -1.8331
  -0.0735
  -0.4541

  -1.7532
   0.0208
  -0.3913

  -1.6574
   0.0939
  -0.3265

  -1.5508
   0.1427
  -0.2602

  -1.4393
   0.1655
  -0.1926

  -1.3289
   0.1619
  -0.1241

  -1.2258
   0.1328
  -0.0550

  -1.1354
   0.0807
   0.0144

  -1.0627
   0.0090
   0.0837

  -1.0118
  -0.0777
   0.1525

  -0.9855
  -0.1738
   0.2207

  -0.9852
  -0.2736
   0.2878

  -1.0112
  -0.3710
   0.3535

  -1.0621
  -0.4599
   0.4175

  -1.1355
  -0.5349
   0.4795

  -1.2274
  -0.5912
   0.5392

  -1.3333
  -0.6251
   0.5963

  -1.4475
  -0.6338
   0.6505

  -1.5642
  -0.6161
   0.7016

  -1.6772
  -0.5721
   0.7494

  -1.7805
  -0.5033
   0.7935

  -1.8689
  -0.4125
   0.8338

  -1.9377
  -0.3038
   0.8700

  -1.9833
  -0.1819
   0.9021

  -2.0033
  -0.0525
   0.9299

  -1.9966
   0.0783
   0.9531

  -1.9637
   0.2045
   0.9718

  -1.9062
   0.3204
   0.9858

  -1.8273
   0.4204
   0.9951

  -1.7310
   0.5003
   0.9996

  -1.6224
   0.5566
   0.9992

  -1.5072
   0.5872
   0.9941

  -1.3915
   0.5913
   0.9841

  -1.2812
   0.5695
   0.9694

  -1.1823
   0.5238
   0.9501

  -1.0998
   0.4573
   0.9262

  -1.0380
   0.3746
   0.8978

  -1.0001
   0.2806
   0.8651

  -0.9880
   0.1813
   0.8283

  -1.0022
   0.0827
   0.7874

  -1.0419
  -0.0092
   0.7428

  -1.1048
  -0.0887
   0.6946

  -1.1876
  -0.1508
   0.6430

  -1.2856
  -0.1914
   0.5884

  -1.3936
  -0.2075
   0.5309

  -1.5057
  -0.1975
   0.4708

  -1.6159
  -0.1610
   0.4085

  -1.7181
  -0.0993
   0.3443

  -1.8067
  -0.0148
   0.2783

  -1.8770
   0.0890
   0.2111

  -1.9249
   0.2072
   0.1428

  -1.9478
   0.3346
   0.0738

  -1.9442
   0.4650
   0.0045

  -1.9141
   0.5926
  -0.0649

  -1.8588
   0.7112
  -0.1339

  -1.7811
   0.8154
  -0.2023

  -1.6848
   0.9006
  -0.2697

  -1.5747
   0.9630
  -0.3358

  -1.4564
   1.0001
  -0.4003

  -1.3358
   1.0107
  -0.4629

  -1.2191
   0.9951
  -0.5233

  -1.1121
   0.9548
  -0.5811

  -1.0202
   0.8927
  -0.6361

  -0.9479
   0.8129
  -0.6881

  -0.8987
   0.7204
  -0.7368

  -0.8749
   0.6209
  -0.7819

  -0.8775
   0.5202
  -0.8232

  -0.9060
   0.4246
  -0.8606

  -0.9584
   0.3398
  -0.8938

  -1.0318
   0.2711
  -0.9228

  -1.1218
   0.2227
  -0.9473

  -1.2233
   0.1981
  -0.9672

  -1.3307
   0.1992
  -0.9825

  -1.4378
   0.2268
  -0.9930

  -1.5386
   0.2800
  -0.9988

  -1.6274
   0.3569
  -0.9998

  -1.6991
   0.4540
  -0.9959

  -1.7495
   0.5671
  -0.9873

  -1.7755
   0.6907
  -0.9739

  -1.7753
   0.8191
  -0.9558

  -1.7485
   0.9462
  -0.9331

  -1.6960
   1.0660
  -0.9060

  -1.6202
   1.1729
  -0.8744

  -1.5246
   1.2619
  -0.8387

  -1.4139
   1.3290
  -0.7989

  -1.2933
   1.3713
  -0.7553

  -1.1688
   1.3873
  -0.7080

  -1.0465
   1.3768
  -0.6573

  -0.9323
   1.3410
  -0.6035

  -0.8317
   1.2825
  -0.5467

  -0.7497
   1.2050
  -0.4874

  -0.6899
   1.1132
  -0.4257

  -0.6551
   1.0127
  -0.3619

  -0.6465
   0.9094
  -0.2964

  -0.6640
   0.8094
  -0.2294

  -0.7063
   0.7186
  -0.1614

  -0.7704
   0.6423
  -0.0926

  -0.8526
   0.5854
  -0.0233

  -0.9478
   0.5513
   0.0461

  -1.0505
   0.5425
   0.1152

  -1.1547
   0.5600
   0.1838

  -1.2543
   0.6036
   0.2515

  -1.3435
   0.6714
   0.3180

  -1.4169
   0.7605
   0.3830

  -1.4701
   0.8668
   0.4461

  -1.4997
   0.9852
   0.5071

  -1.5035
   1.1100
   0.5657

  -1.4807
   1.2352
   0.6215

  -1.4318
   1.3548
   0.6743

  -1.3589
   1.4629
   0.7239

  -1.2652
   1.5543
   0.7700

  -1.1549
   1.6248
   0.8124

  -1.0332
   1.6713
   0.8509

  -0.9060
   1.6916
   0.8852

  -0.7793
   1.6853
   0.9154

  -0.6591
   1.6532
   0.9411

  -0.5511
   1.5976
   0.9623

  -0.4603
   1.5217
   0.9788

  -0.3909
   1.4302
   0.9907

  -0.3459
   1.3282
   0.9977

  -0.3269
   1.2218
   1.0000

  -0.3343
   1.1169
   0.9975

  -0.3669
   1.0195
   0.9901

  -0.4225
   0.9353
   0.9780

