0.05	100
   1.0000
        0
   1.0000

   1.0033
   0.0499
   0.9994

   1.0132
   0.0990
   0.9976

   1.0295
   0.1466
   0.9946

   1.0520
   0.1919
   0.9904

   1.0805
   0.2343
   0.9850

   1.1145
   0.2730
   0.9784

   1.1536
   0.3076
   0.9706

   1.1972
   0.3373
   0.9617

   1.2449
   0.3617
   0.9516

   1.2958
   0.3804
   0.9404

   1.3495
   0.3930
   0.9280

   1.4051
   0.3993
   0.9146

   1.4619
   0.3990
   0.9000

   1.5192
   0.3921
   0.8843

   1.5761
   0.3785
   0.8676

   1.6320
   0.3584
   0.8498

   1.6860
   0.3319
   0.8310

   1.7375
   0.2992
   0.8112

   1.7857
   0.2607
   0.7905

   1.8301
   0.2167
   0.7687

   1.8699
   0.1679
   0.7461

   1.9048
   0.1146
   0.7225

   1.9341
   0.0575
   0.6981

   1.9575
  -0.0027
   0.6729

   1.9747
  -0.0654
   0.6468

   1.9854
  -0.1298
   0.6199

   1.9895
  -0.1952
   0.5923

   1.9869
  -0.2607
   0.5640

   1.9777
  -0.3257
   0.5351

   1.9618
  -0.3894
   0.5054

   1.9396
  -0.4511
   0.4752

   1.9113
  -0.5100
   0.4444

   1.8773
  -0.5654
   0.4130

   1.8380
  -0.6167
   0.3812

   1.7938
  -0.6634
   0.3489

   1.7454
  -0.7049
   0.3162

   1.6935
  -0.7408
   0.2831

   1.6385
  -0.7707
   0.2496

   1.5814
  -0.7943
   0.2159

   1.5227
  -0.8114
   0.1819

   1.4633
  -0.8218
   0.1477

   1.4039
  -0.8256
   0.1133

   1.3453
  -0.8228
   0.0787

   1.2883
  -0.8135
   0.0441

   1.2335
  -0.7980
   0.0094

   1.1817
  -0.7765
  -0.0253

   1.1335
  -0.7495
  -0.0599

   1.0896
  -0.7174
  -0.0945

   1.0505
  -0.6807
  -0.1290

   1.0166
  -0.6400
  -0.1633

   0.9885
  -0.5959
  -0.1975

   0.9665
  -0.5492
  -0.2313

   0.9508
  -0.5006
  -0.2650

   0.9416
  -0.4508
  -0.2982

   0.9390
  -0.4005
  -0.3312

   0.9430
  -0.3505
  -0.3637

   0.9535
  -0.3016
  -0.3958

   0.9704
  -0.2546
  -0.4274

   0.9934
  -0.2101
  -0.4585

   1.0222
  -0.1689
  -0.4891

   1.0563
  -0.1316
  -0.5190

   1.0952
  -0.0987
  -0.5484

   1.1385
  -0.0709
  -0.5771

   1.1855
  -0.0485
  -0.6051

   1.2356
  -0.0320
  -0.6323

   1.2880
  -0.0217
  -0.6588

   1.3420
  -0.0179
  -0.6845

   1.3970
  -0.0206
  -0.7094

   1.4520
  -0.0300
  -0.7334

   1.5064
  -0.0459
  -0.7565

   1.5593
  -0.0684
  -0.7788

   1.6102
  -0.0972
  -0.8001

   1.6581
  -0.1319
  -0.8204

   1.7026
  -0.1724
  -0.8397

   1.7428
  -0.2180
  -0.8581

   1.7784
  -0.2683
  -0.8754

   1.8087
  -0.3228
  -0.8916

   1.8333
  -0.3808
  -0.9068

   1.8518
  -0.4416
  -0.9209

   1.8640
  -0.5045
  -0.9338

   1.8697
  -0.5688
  -0.9457

   1.8687
  -0.6337
  -0.9564

   1.8610
  -0.6985
  -0.9659

   1.8467
  -0.7624
  -0.9743

   1.8259
  -0.8246
  -0.9816

   1.7989
  -0.8845
  -0.9876

   1.7659
  -0.9412
  -0.9925

   1.7273
  -0.9942
  -0.9961

   1.6837
  -1.0429
  -0.9986

   1.6355
  -1.0866
  -0.9998

   1.5833
  -1.1250
  -0.9999

   1.5279
  -1.1575
  -0.9987

   1.4698
  -1.1839
  -0.9964

   1.4097
  -1.2039
  -0.9928

   1.3486
  -1.2173
  -0.9881

   1.2870
  -1.2241
  -0.9821

   1.2258
  -1.2242
  -0.9750

   1.1657
  -1.2177
  -0.9667

   1.1075
  -1.2048
  -0.9573

   1.0518
  -1.1858
  -0.9466

   0.9995
  -1.1610
  -0.9349

   0.9510
  -1.1308
  -0.9220

   0.9071
  -1.0957
  -0.9080

   0.8682
  -1.0563
  -0.8930

   0.8348
  -1.0132
  -0.8768

   0.8073
  -0.9670
  -0.8596

   0.7860
  -0.9184
  -0.8414

   0.7711
  -0.8683
  -0.8221

   0.7627
  -0.8172
  -0.8018

   0.7610
  -0.7660
  -0.7806

   0.7659
  -0.7155
  -0.7585

   0.7772
  -0.6664
  -0.7354

   0.7948
  -0.6195
  -0.7115

   0.8184
  -0.5754
  -0.6867

   0.8476
  -0.5348
  -0.6610

   0.8819
  -0.4984
  -0.6346

   0.9208
  -0.4667
  -0.6074

   0.9639
  -0.4402
  -0.5795

   1.0103
  -0.4193
  -0.5509

   1.0595
  -0.4045
  -0.5216

   1.1108
  -0.3960
  -0.4917

   1.1633
  -0.3940
  -0.4612

   1.2164
  -0.3985
  -0.4301

   1.2693
  -0.4098
  -0.3985

   1.3212
  -0.4275
  -0.3665

   1.3714
  -0.4517
  -0.3340

   1.4191
  -0.4821
  -0.3011

   1.4637
  -0.5183
  -0.2678

   1.5044
  -0.5599
  -0.2342

   1.5407
  -0.6066
  -0.2004

   1.5721
  -0.6576
  -0.1663

   1.5980
  -0.7126
  -0.1320

   1.6181
  -0.7707
  -0.0975

   1.6320
  -0.8314
  -0.0629

   1.6395
  -0.8938
  -0.0283

   1.6403
  -0.9573
   0.0064

   1.6345
  -1.0210
   0.0411

   1.6220
  -1.0843
   0.0758

   1.6029
  -1.1463
   0.1103

   1.5775
  -1.2063
   0.1447

   1.5459
  -1.2637
   0.1790

   1.5086
  -1.3176
   0.2130

   1.4659
  -1.3675
   0.2467

   1.4183
  -1.4128
   0.2802

   1.3665
  -1.4529
   0.3134

   1.3110
  -1.4874
   0.3461

   1.2524
  -1.5160
   0.3784

   1.1916
  -1.5383
   0.4103

   1.1292
  -1.5541
   0.4417

   1.0659
  -1.5632
   0.4726

   1.0026
  -1.5657
   0.5029

   0.9400
  -1.5615
   0.5325

   0.8789
  -1.5508
   0.5616

   0.8200
  -1.5338
   0.5899

   0.7639
  -1.5108
   0.6176

   0.7115
  -1.4822
   0.6445

   0.6632
  -1.4484
   0.6707

   0.6197
  -1.4099
   0.6960

   0.5815
  -1.3674
   0.7205

   0.5489
  -1.3214
   0.7441

   0.5224
  -1.2727
   0.7668

   0.5022
  -1.2219
   0.7886

   0.4885
  -1.1698
   0.8095

   0.4814
  -1.1171
   0.8294

   0.4809
  -1.0647
   0.8482

   0.4869
  -1.0132
   0.8661

   0.4994
  -0.9635
   0.8829

   0.5180
  -0.9162
   0.8987

   0.5425
  -0.8721
   0.9134

   0.5723
  -0.8318
   0.9269

   0.6071
  -0.7958
   0.9394

   0.6463
  -0.7648
   0.9507

   0.6893
  -0.7393
   0.9609

   0.7354
  -0.7195
   0.9699

   0.7840
  -0.7059
   0.9778

   0.8343
  -0.6986
   0.9845

   0.8856
  -0.6979
   0.9900

   0.9372
  -0.7039
   0.9943

   0.9881
  -0.7164
   0.9974

   1.0378
  -0.7354
   0.9993

   1.0854
  -0.7608
   1.0000

   1.1303
  -0.7921
   0.9995

   1.1717
  -0.8292
   0.9978

   1.2091
  -0.8715
   0.9949

   1.2417
  -0.9185
   0.9908

   1.2693
  -0.9697
   0.9855

   1.2911
  -1.0245
   0.9790

   1.3070
  -1.0822
   0.9714

   1.3166
  -1.1420
   0.9625

   1.3197
  -1.2033
   0.9525

   1.3162
  -1.2654
   0.9414

   1.3059
  -1.3273
   0.9291

   1.2891
  -1.3884
   0.9158

   1.2657
  -1.4479
   0.9013

   1.2361
  -1.5051
   0.8857

   1.2005
  -1.5593
   0.8691

   1.1593
  -1.6098
   0.8514

   1.1130
  -1.6560
   0.8327

   1.0621
  -1.6973
   0.8130

   1.0072
  -1.7333
   0.7923

   0.9489
  -1.7635
   0.7706

   0.8879
  -1.7876
   0.7481

   0.8249
  -1.8053
   0.7246

   0.7607
  -1.8164
   0.7002

   0.6960
  -1.8208
   0.6751

   0.6315
  -1.8185
   0.6491

   0.5682
  -1.8096
   0.6223

   0.5066
  -1.7943
   0.5947

   0.4476
  -1.7728
   0.5665

   0.3918
  -1.7455
   0.5376

   0.3398
  -1.7127
   0.5080

   0.2923
  -1.6749
   0.4778

   0.2498
  -1.6328
   0.4470

   0.2127
  -1.5868
   0.4157

   0.1815
  -1.5376
   0.3839

   0.1565
  -1.4860
   0.3517

   0.1379
  -1.4327
   0.3190

   0.1259
  -1.3784
   0.2859

   0.1205
  -1.3239
   0.2525

   0.1218
  -1.2699
   0.2188

   0.1295
  -1.2172
   0.1848

   0.1435
  -1.1666
   0.1506

   0.1636
  -1.1187
   0.1162

   0.1893
  -1.0743
   0.0817

   0.2203
  -1.0339
   0.0471

   0.2559
  -0.9982
   0.0124

   0.2957
  -0.9676
  -0.0223

   0.3391
  -0.9426
  -0.0570

   0.3853
  -0.9235
  -0.0916

   0.4336
  -0.9108
  -0.1261

   0.4834
  -0.9045
  -0.1604

   0.5338
  -0.9047
  -0.1945

   0.5841
  -0.9116
  -0.2285

   0.6336
  -0.9251
  -0.2621

   0.6814
  -0.9449
  -0.2954

   0.7268
  -0.9710
  -0.3284

   0.7692
  -1.0029
  -0.3609

   0.8079
  -1.0403
  -0.3931

   0.8423
  -1.0828
  -0.4247

   0.8717
  -1.1298
  -0.4559

   0.8958
  -1.1806
  -0.4865

   0.9141
  -1.2347
  -0.5165

   0.9263
  -1.2915
  -0.5459

   0.9321
  -1.3500
  -0.5746

   0.9314
  -1.4097
  -0.6027

   0.9239
  -1.4698
  -0.6300

   0.9098
  -1.5294
  -0.6566

   0.8892
  -1.5879
  -0.6823

   0.8621
  -1.6444
  -0.7073

   0.8290
  -1.6983
  -0.7314

   0.7900
  -1.7489
  -0.7546

   0.7456
  -1.7955
  -0.7769

   0.6963
  -1.8376
  -0.7983

   0.6427
  -1.8745
  -0.8187

   0.5854
  -1.9060
  -0.8381

   0.5250
  -1.9314
  -0.8565

   0.4622
  -1.9506
  -0.8739

   0.3978
  -1.9633
  -0.8903

   0.3325
  -1.9694
  -0.9055

   0.2670
  -1.9688
  -0.9197

   0.2022
  -1.9615
  -0.9328

   0.1388
  -1.9476
  -0.9447

   0.0775
  -1.9275
  -0.9555

   0.0191
  -1.9012
  -0.9652

  -0.0358
  -1.8693
  -0.9737

  -0.0866
  -1.8322
  -0.9810

  -0.1327
  -1.7903
  -0.9871

  -0.1735
  -1.7442
  -0.9921

  -0.2087
  -1.6946
  -0.9958

  -0.2379
  -1.6422
  -0.9984

  -0.2608
  -1.5876
  -0.9998

  -0.2771
  -1.5316
  -0.9999

  -0.2869
  -1.4750
  -0.9989

  -0.2899
  -1.4185
  -0.9966

  -0.2864
  -1.3628
  -0.9932

  -0.2765
  -1.3088
  -0.9885

  -0.2604
  -1.2571
  -0.9827

  -0.2383
  -1.2085
  -0.9757

  -0.2108
  -1.1637
  -0.9675

  -0.1783
  -1.1231
  -0.9581

  -0.1413
  -1.0874
  -0.9476

  -0.1004
  -1.0571
  -0.9359

  -0.0562
  -1.0325
  -0.9232

  -0.0095
  -1.0140
  -0.9093

   0.0391
  -1.0019
  -0.8943

   0.0888
  -0.9963
  -0.8782

   0.1388
  -0.9973
  -0.8611

   0.1883
  -1.0049
  -0.8430

   0.2367
  -1.0190
  -0.8238

   0.2831
  -1.0395
  -0.8036

   0.3268
  -1.0660
  -0.7825

   0.3672
  -1.0982
  -0.7604

   0.4037
  -1.1357
  -0.7374

   0.4355
  -1.1780
  -0.7136

   0.4623
  -1.2246
  -0.6888

   0.4835
  -1.2748
  -0.6633

   0.4988
  -1.3279
  -0.6369

   0.5079
  -1.3833
  -0.6098

   0.5104
  -1.4403
  -0.5819

   0.5064
  -1.4980
  -0.5534

   0.4957
  -1.5558
  -0.5241

   0.4784
  -1.6128
  -0.4943

   0.4546
  -1.6683
  -0.4638

   0.4246
  -1.7215
  -0.4328

   0.3885
  -1.7719
  -0.4013

   0.3468
  -1.8185
  -0.3692

   0.3000
  -1.8610
  -0.3368

   0.2485
  -1.8987
  -0.3039

   0.1930
  -1.9310
  -0.2707

   0.1340
  -1.9576
  -0.2371

   0.0722
  -1.9781
  -0.2033

   0.0084
  -1.9922
  -0.1692

  -0.0567
  -1.9998
  -0.1349

  -0.1223
  -2.0007
  -0.1005

  -0.1877
  -1.9949
  -0.0659

  -0.2521
  -1.9825
  -0.0312

  -0.3148
  -1.9636
   0.0035

  -0.3751
  -1.9385
   0.0382

  -0.4322
  -1.9075
   0.0728

  -0.4854
  -1.8710
   0.1074

  -0.5343
  -1.8294
   0.1418

  -0.5782
  -1.7834
   0.1760

  -0.6166
  -1.7335
   0.2101

  -0.6493
  -1.6803
   0.2439

  -0.6757
  -1.6246
   0.2774

  -0.6958
  -1.5671
   0.3105

  -0.7092
  -1.5085
   0.3433

  -0.7160
  -1.4495
   0.3757

  -0.7162
  -1.3911
   0.4076

  -0.7098
  -1.3338
   0.4390

  -0.6971
  -1.2785
   0.4699

  -0.6782
  -1.2259
   0.5003

  -0.6537
  -1.1767
   0.5300

  -0.6238
  -1.1314
   0.5591

  -0.5892
  -1.0907
   0.5875

  -0.5503
  -1.0550
   0.6153

  -0.5077
  -1.0250
   0.6422

  -0.4622
  -1.0008
   0.6684

  -0.4145
  -0.9829
   0.6938

  -0.3652
  -0.9714
   0.7184

  -0.3152
  -0.9665
   0.7421

  -0.2651
  -0.9682
   0.7649

  -0.2158
  -0.9765
   0.7868

  -0.1680
  -0.9912
   0.8077

  -0.1225
  -1.0121
   0.8277

  -0.0799
  -1.0390
   0.8467

  -0.0410
  -1.0713
   0.8646

  -0.0063
  -1.1088
   0.8815

   0.0236
  -1.1509
   0.8974

   0.0483
  -1.1969
   0.9121

   0.0672
  -1.2462
   0.9258

   0.0800
  -1.2983
   0.9384

   0.0865
  -1.3522
   0.9498

   0.0865
  -1.4074
   0.9601

   0.0798
  -1.4630
   0.9692

   0.0666
  -1.5184
   0.9772

   0.0467
  -1.5726
   0.9839

   0.0205
  -1.6250
   0.9895

  -0.0119
  -1.6748
   0.9940

  -0.0502
  -1.7214
   0.9972

  -0.0938
  -1.7641
   0.9992

  -0.1424
  -1.8023
   1.0000

  -0.1953
  -1.8355
   0.9996

  -0.2520
  -1.8631
   0.9980

  -0.3119
  -1.8849
   0.9952

  -0.3742
  -1.9004
   0.9912

  -0.4382
  -1.9095
   0.9860

  -0.5032
  -1.9120
   0.9796

  -0.5683
  -1.9077
   0.9721

  -0.6329
  -1.8968
   0.9633

  -0.6962
  -1.8793
   0.9534

  -0.7574
  -1.8555
   0.9424

  -0.8158
  -1.8256
   0.9302

  -0.8707
  -1.7899
   0.9170

  -0.9216
  -1.7489
   0.9026

  -0.9678
  -1.7032
   0.8871

  -1.0088
  -1.6532
   0.8705

  -1.0441
  -1.5996
   0.8529

  -1.0735
  -1.5431
   0.8343

  -1.0965
  -1.4843
   0.8147

  -1.1131
  -1.4241
   0.7941

  -1.1230
  -1.3631
   0.7725

  -1.1262
  -1.3022
   0.7500

  -1.1229
  -1.2420
   0.7266

  -1.1130
  -1.1834
   0.7024

  -1.0969
  -1.1271
   0.6772

  -1.0748
  -1.0737
   0.6513

  -1.0472
  -1.0240
   0.6246

  -1.0144
  -0.9786
   0.5971

  -0.9771
  -0.9379
   0.5689

  -0.9358
  -0.9026
   0.5401

  -0.8912
  -0.8730
   0.5106

  -0.8438
  -0.8494
   0.4804

  -0.7946
  -0.8322
   0.4497

  -0.7441
  -0.8215
   0.4184

  -0.6932
  -0.8174
   0.3867

  -0.6426
  -0.8199
   0.3545

  -0.5931
  -0.8290
   0.3218

  -0.5454
  -0.8444
   0.2888

  -0.5003
  -0.8659
   0.2554

  -0.4584
  -0.8932
   0.2217

  -0.4204
  -0.9258
   0.1877

  -0.3869
  -0.9633
   0.1535

  -0.3584
  -1.0051
   0.1192

  -0.3354
  -1.0506
   0.0847

  -0.3182
  -1.0992
   0.0500

  -0.3072
  -1.1501
   0.0154

  -0.3027
  -1.2027
  -0.0193

  -0.3047
  -1.2561
  -0.0540

  -0.3134
  -1.3097
  -0.0886

  -0.3286
  -1.3626
  -0.1231

  -0.3504
  -1.4140
  -0.1575

  -0.3784
  -1.4634
  -0.1916

  -0.4125
  -1.5099
  -0.2256

  -0.4522
  -1.5528
  -0.2592

  -0.4970
  -1.5916
  -0.2926

  -0.5466
  -1.6256
  -0.3256

  -0.6003
  -1.6544
  -0.3582

  -0.6575
  -1.6776
  -0.3903

  -0.7175
  -1.6946
  -0.4220

  -0.7796
  -1.7054
  -0.4532

  -0.8431
  -1.7096
  -0.4839

  -0.9071
  -1.7071
  -0.5140

  -0.9711
  -1.6980
  -0.5434

  -1.0341
  -1.6822
  -0.5722

  -1.0954
  -1.6599
  -0.6003

  -1.1544
  -1.6314
  -0.6277

  -1.2102
  -1.5970
  -0.6543

  -1.2623
  -1.5570
  -0.6802

  -1.3101
  -1.5119
  -0.7052

  -1.3529
  -1.4623
  -0.7293

  -1.3903
  -1.4087
  -0.7526

  -1.4219
  -1.3519
  -0.7750

  -1.4473
  -1.2924
  -0.7965

  -1.4663
  -1.2310
  -0.8170

  -1.4788
  -1.1684
  -0.8365

  -1.4845
  -1.1055
  -0.8550

  -1.4836
  -1.0429
  -0.8725

  -1.4762
  -0.9815
  -0.8889

  -1.4623
  -0.9219
  -0.9043

  -1.4422
  -0.8650
  -0.9185

  -1.4164
  -0.8113
  -0.9317

  -1.3852
  -0.7616
  -0.9437

  -1.3491
  -0.7163
  -0.9546

  -1.3087
  -0.6761
  -0.9644

  -1.2645
  -0.6415
  -0.9730

  -1.2173
  -0.6127
  -0.9804

  -1.1677
  -0.5901
  -0.9867

  -1.1165
  -0.5739
  -0.9917

  -1.0645
  -0.5643
  -0.9956

  -1.0123
  -0.5614
  -0.9982

  -0.9607
  -0.5650
  -0.9997

  -0.9106
  -0.5751
  -1.0000

  -0.8626
  -0.5915
  -0.9990

  -0.8174
  -0.6138
  -0.9969

  -0.7758
  -0.6417
  -0.9935

  -0.7383
  -0.6748
  -0.9890

  -0.7055
  -0.7125
  -0.9832

  -0.6780
  -0.7543
  -0.9763

  -0.6561
  -0.7996
  -0.9682

  -0.6402
  -0.8476
  -0.9590

  -0.6306
  -0.8976
  -0.9485

  -0.6275
  -0.9489
  -0.9370

  -0.6310
  -1.0008
  -0.9243

  -0.6411
  -1.0525
  -0.9105

  -0.6578
  -1.1032
  -0.8956

  -0.6809
  -1.1521
  -0.8796

  -0.7101
  -1.1986
  -0.8626

  -0.7452
  -1.2420
  -0.8446

  -0.7857
  -1.2815
  -0.8255

  -0.8312
  -1.3166
  -0.8054

  -0.8811
  -1.3468
  -0.7843

  -0.9349
  -1.3715
  -0.7624

  -0.9919
  -1.3904
  -0.7394

  -1.0514
  -1.4031
  -0.7156

  -1.1126
  -1.4094
  -0.6910

  -1.1749
  -1.4091
  -0.6655

  -1.2374
  -1.4021
  -0.6392

  -1.2995
  -1.3884
  -0.6121

  -1.3602
  -1.3682
  -0.5843

  -1.4190
  -1.3416
  -0.5558

  -1.4751
  -1.3089
  -0.5267

  -1.5277
  -1.2704
  -0.4969

  -1.5764
  -1.2266
  -0.4664

  -1.6204
  -1.1779
  -0.4355

  -1.6592
  -1.1249
  -0.4040

  -1.6925
  -1.0683
  -0.3720

  -1.7197
  -1.0087
  -0.3396

  -1.7407
  -0.9468
  -0.3068

  -1.7552
  -0.8833
  -0.2736

  -1.7630
  -0.8190
  -0.2400

  -1.7641
  -0.7547
  -0.2062

  -1.7586
  -0.6911
  -0.1721

  -1.7466
  -0.6289
  -0.1379

  -1.7282
  -0.5690
  -0.1034

  -1.7039
  -0.5120
  -0.0688

  -1.6739
  -0.4586
  -0.0342

  -1.6387
  -0.4093
   0.0005

  -1.5989
  -0.3648
   0.0352

  -1.5550
  -0.3256
   0.0698

  -1.5077
  -0.2921
   0.1044

  -1.4576
  -0.2647
   0.1388

  -1.4054
  -0.2435
   0.1731

  -1.3520
  -0.2289
   0.2072

  -1.2980
  -0.2209
   0.2410

  -1.2442
  -0.2195
   0.2745

  -1.1913
  -0.2247
   0.3077

  -1.1403
  -0.2363
   0.3405

  -1.0916
  -0.2540
   0.3729

  -1.0461
  -0.2776
   0.4049

  -1.0044
  -0.3065
   0.4364

  -0.9671
  -0.3405
   0.4673

  -0.9348
  -0.3788
   0.4977

  -0.9078
  -0.4209
   0.5275

  -0.8867
  -0.4662
   0.5567

  -0.8717
  -0.5139
   0.5851

  -0.8631
  -0.5634
   0.6129

  -0.8610
  -0.6138
   0.6400

  -0.8656
  -0.6645
   0.6662

  -0.8767
  -0.7146
   0.6917

  -0.8943
  -0.7635
   0.7163

  -0.9183
  -0.8102
   0.7401

  -0.9482
  -0.8543
   0.7630

  -0.9839
  -0.8948
   0.7850

  -1.0247
  -0.9314
   0.8060

  -1.0703
  -0.9632
   0.8260

  -1.1201
  -0.9899
   0.8451

  -1.1735
  -1.0110
   0.8631

  -1.2297
  -1.0261
   0.8801

  -1.2881
  -1.0349
   0.8961

  -1.3479
  -1.0371
   0.9109

  -1.4085
  -1.0328
   0.9247

  -1.4689
  -1.0218
   0.9373

  -1.5285
  -1.0041
   0.9489

  -1.5866
  -0.9800
   0.9592

  -1.6423
  -0.9497
   0.9685

  -1.6949
  -0.9133
   0.9765

  -1.7439
  -0.8714
   0.9834

  -1.7885
  -0.8244
   0.9891

  -1.8283
  -0.7727
   0.9936

  -1.8628
  -0.7171
   0.9969

  -1.8914
  -0.6581
   0.9990

  -1.9139
  -0.5964
   1.0000

  -1.9300
  -0.5328
   0.9997

  -1.9396
  -0.4679
   0.9982

  -1.9424
  -0.4026
   0.9955

  -1.9386
  -0.3375
   0.9916

  -1.9281
  -0.2735
   0.9865

  -1.9112
  -0.2114
   0.9802

  -1.8882
  -0.1518
   0.9728

  -1.8592
  -0.0954
   0.9641

  -1.8248
  -0.0428
   0.9543

  -1.7855
   0.0052
   0.9434

  -1.7418
   0.0483
   0.9313

  -1.6942
   0.0859
   0.9181

  -1.6435
   0.1176
   0.9038

  -1.5903
   0.1431
   0.8885

  -1.5354
   0.1622
   0.8720

  -1.4795
   0.1747
   0.8545

  -1.4234
   0.1806
   0.8360

  -1.3679
   0.1798
   0.8164

  -1.3136
   0.1726
   0.7959

  -1.2614
   0.1590
   0.7744

  -1.2120
   0.1394
   0.7520

  -1.1660
   0.1141
   0.7287

  -1.1240
   0.0836
   0.7045

  -1.0867
   0.0484
   0.6794

  -1.0546
   0.0090
   0.6536

  -1.0280
  -0.0339
   0.6269

  -1.0075
  -0.0797
   0.5995

  -0.9931
  -0.1276
   0.5714

  -0.9852
  -0.1769
   0.5426

  -0.9840
  -0.2269
   0.5131

  -0.9893
  -0.2768
   0.4830

  -1.0012
  -0.3259
   0.4524

  -1.0195
  -0.3733
   0.4211

  -1.0439
  -0.4183
   0.3894

  -1.0743
  -0.4603
   0.3572

  -1.1101
  -0.4986
   0.3246

  -1.1510
  -0.5326
   0.2916

  -1.1964
  -0.5617
   0.2583

  -1.2456
  -0.5854
   0.2246

  -1.2981
  -0.6033
   0.1907

  -1.3532
  -0.6151
   0.1565

  -1.4102
  -0.6206
   0.1221

  -1.4683
  -0.6195
   0.0876

  -1.5267
  -0.6117
   0.0530

  -1.5847
  -0.5973
   0.0183

  -1.6415
  -0.5763
  -0.0164

  -1.6964
  -0.5489
  -0.0510

  -1.7487
  -0.5155
  -0.0856

  -1.7976
  -0.4762
  -0.1202

  -1.8425
  -0.4315
  -0.1545

  -1.8829
  -0.3820
  -0.1887

  -1.9182
  -0.3281
  -0.2227

  -1.9479
  -0.2706
  -0.2563

  -1.9717
  -0.2099
  -0.2897

  -1.9892
  -0.1469
  -0.3227

  -2.0002
  -0.0823
  -0.3554

  -2.0046
  -0.0168
  -0.3876

  -2.0023
   0.0488
  -0.4193

  -1.9933
   0.1138
  -0.4506

  -1.9778
   0.1774
  -0.4813

  -1.9559
   0.2388
  -0.5114

  -1.9280
   0.2974
  -0.5409

  -1.8944
   0.3524
  -0.5698

  -1.8556
   0.4033
  -0.5979

  -1.8120
   0.4494
  -0.6254

  -1.7643
   0.4904
  -0.6521

  -1.7130
   0.5256
  -0.6780

  -1.6589
   0.5548
  -0.7031

  -1.6026
   0.5778
  -0.7273

  -1.5450
   0.5941
  -0.7507

  -1.4867
   0.6039
  -0.7731

  -1.4285
   0.6070
  -0.7947

  -1.3712
   0.6035
  -0.8153

  -1.3156
   0.5936
  -0.8349

  -1.2623
   0.5774
  -0.8535

  -1.2120
   0.5554
  -0.8710

  -1.1655
   0.5279
  -0.8875

  -1.1233
   0.4953
  -0.9030

  -1.0860
   0.4583
  -0.9173

  -1.0540
   0.4173
  -0.9306

  -1.0278
   0.3731
  -0.9427

  -1.0078
   0.3263
  -0.9537

  -0.9940
   0.2777
  -0.9636

  -0.9868
   0.2280
  -0.9723

  -0.9862
   0.1780
  -0.9798

  -0.9922
   0.1284
  -0.9862

  -1.0047
   0.0800
  -0.9913

  -1.0235
   0.0335
  -0.9953

  -1.0484
  -0.0104
  -0.9981

  -1.0790
  -0.0508
  -0.9996

  -1.1149
  -0.0874
  -1.0000

  -1.1556
  -0.1193
  -0.9991

  -1.2005
  -0.1462
  -0.9971

  -1.2491
  -0.1675
  -0.9938

  -1.3006
  -0.1829
  -0.9894

  -1.3544
  -0.1920
  -0.9838

  -1.4097
  -0.1947
  -0.9770

  -1.4658
  -0.1908
  -0.9690

  -1.5219
  -0.1803
  -0.9598

  -1.5772
  -0.1631
  -0.9495

  -1.6310
  -0.1395
  -0.9380

  -1.6826
  -0.1095
  -0.9254

  -1.7313
  -0.0737
  -0.9117

  -1.7763
  -0.0322
  -0.8969

  -1.8171
   0.0145
  -0.8811

  -1.8531
   0.0657
  -0.8641

  -1.8837
   0.1211
  -0.8461

  -1.9087
   0.1798
  -0.8271

  -1.9275
   0.2413
  -0.8071

  -1.9399
   0.3049
  -0.7862

  -1.9458
   0.3697
  -0.7643

  -1.9451
   0.4350
  -0.7414

  -1.9376
   0.5002
  -0.7177

  -1.9235
   0.5643
  -0.6931

  -1.9029
   0.6266
  -0.6677

  -1.8762
   0.6865
  -0.6415

  -1.8435
   0.7433
  -0.6145

  -1.8053
   0.7962
  -0.5867

  -1.7621
   0.8446
  -0.5583

  -1.7144
   0.8882
  -0.5292

  -1.6629
   0.9262
  -0.4994

  -1.6081
   0.9584
  -0.4691

  -1.5508
   0.9845
  -0.4382

  -1.4916
   1.0041
  -0.4067

  -1.4314
   1.0171
  -0.3748

  -1.3709
   1.0235
  -0.3424

  -1.3108
   1.0232
  -0.3096

  -1.2520
   1.0163
  -0.2764

  -1.1951
   1.0031
  -0.2429

  -1.1409
   0.9838
  -0.2091

  -1.0900
   0.9588
  -0.1751

  -1.0432
   0.9284
  -0.1408

  -1.0009
   0.8933
  -0.1064

  -0.9637
   0.8539
  -0.0718

  -0.9321
   0.8108
  -0.0372

  -0.9064
   0.7648
  -0.0025

  -0.8870
   0.7166
   0.0322

  -0.8739
   0.6668
   0.0669

  -0.8675
   0.6162
   0.1014

  -0.8676
   0.5657
   0.1359

  -0.8744
   0.5159
   0.1702

  -0.8876
   0.4676
   0.2043

  -0.9070
   0.4215
   0.2381

  -0.9323
   0.3784
   0.2716

  -0.9632
   0.3389
   0.3049

  -0.9991
   0.3036
   0.3377

  -1.0396
   0.2732
   0.3702

  -1.0841
   0.2480
   0.4022

  -1.1319
   0.2285
   0.4337

  -1.1824
   0.2151
   0.4647

  -1.2349
   0.2081
   0.4951

  -1.2885
   0.2075
   0.5250

  -1.3426
   0.2136
   0.5542

  -1.3964
   0.2263
   0.5827

  -1.4491
   0.2455
   0.6106

  -1.4999
   0.2712
   0.6377

  -1.5482
   0.3029
   0.6640

  -1.5933
   0.3405
   0.6895

  -1.6344
   0.3835
   0.7143

  -1.6711
   0.4314
   0.7381

  -1.7027
   0.4837
   0.7611

  -1.7289
   0.5397
   0.7831

  -1.7491
   0.5989
   0.8042

  -1.7631
   0.6605
   0.8243

  -1.7706
   0.7238
   0.8435

  -1.7715
   0.7881
   0.8616

  -1.7658
   0.8525
   0.8787

  -1.7533
   0.9163
   0.8947

  -1.7343
   0.9788
   0.9097

  -1.7090
   1.0392
   0.9235

  -1.6776
   1.0969
   0.9363

  -1.6404
   1.1510
   0.9479

  -1.5979
   1.2010
   0.9584

  -1.5507
   1.2464
   0.9677

  -1.4992
   1.2866
   0.9759

  -1.4442
   1.3211
   0.9829

  -1.3862
   1.3496
   0.9887

  -1.3260
   1.3718
   0.9933

  -1.2643
   1.3875
   0.9967

  -1.2019
   1.3965
   0.9989

  -1.1395
   1.3988
   0.9999

  -1.0779
   1.3946
   0.9997

  -1.0179
   1.3838
   0.9983

  -0.9602
   1.3668
   0.9958

  -0.9055
   1.3438
   0.9920

  -0.8544
   1.3152
   0.9870

  -0.8076
   1.2816
   0.9808

  -0.7655
   1.2433
   0.9734

  -0.7289
   1.2011
   0.9649

  -0.6979
   1.1555
   0.9552

  -0.6730
   1.1073
   0.9444

  -0.6545
   1.0571
   0.9324

  -0.6424
   1.0057
   0.9193

  -0.6370
   0.9538
   0.9051

  -0.6382
   0.9023
   0.8898

  -0.6459
   0.8518
   0.8734

  -0.6600
   0.8032
   0.8560

  -0.6802
   0.7571
   0.8376

  -0.7062
   0.7143
   0.8181

  -0.7375
   0.6753
   0.7977

  -0.7737
   0.6409
   0.7763

  -0.8142
   0.6114
   0.7539

  -0.8584
   0.5874
   0.7307

  -0.9057
   0.5693
   0.7066

  -0.9553
   0.5573
   0.6816

  -1.0066
   0.5518
   0.6558

  -1.0587
   0.5529
   0.6292

  -1.1110
   0.5605
   0.6019

  -1.1626
   0.5748
   0.5738

  -1.2128
   0.5955
   0.5451

  -1.2608
   0.6225
   0.5157

  -1.3060
   0.6556
   0.4856

  -1.3477
   0.6942
   0.4550

  -1.3852
   0.7380
   0.4238

  -1.4179
   0.7866
   0.3922

  -1.4455
   0.8392
   0.3600

  -1.4673
   0.8953
   0.3274

  -1.4831
   0.9542
   0.2945

  -1.4926
   1.0152
   0.2611

  -1.4955
   1.0776
   0.2275

  -1.4918
   1.1405
   0.1936

  -1.4814
   1.2033
   0.1594

  -1.4643
   1.2652
   0.1251

  -1.4408
   1.3254
   0.0906

  -1.4111
   1.3832
   0.0560

  -1.3754
   1.4379
   0.0213

  -1.3342
   1.4888
  -0.0134

  -1.2879
   1.5353
  -0.0481

  -1.2371
   1.5769
  -0.0827

  -1.1824
   1.6131
  -0.1172

  -1.1243
   1.6435
  -0.1516

  -1.0637
   1.6677
  -0.1858

  -1.0011
   1.6855
  -0.2198

  -0.9374
   1.6967
  -0.2535

  -0.8733
   1.7012
  -0.2869

  -0.8096
   1.6990
  -0.3199

  -0.7471
   1.6903
  -0.3526

  -0.6864
   1.6751
  -0.3849

  -0.6284
   1.6538
  -0.4166

  -0.5736
   1.6267
  -0.4479

  -0.5228
   1.5942
  -0.4787

  -0.4765
   1.5569
  -0.5088

  -0.4353
   1.5152
  -0.5384

  -0.3996
   1.4697
  -0.5673

  -0.3697
   1.4212
  -0.5955

  -0.3461
   1.3704
  -0.6230

  -0.3289
   1.3179
  -0.6498

  -0.3184
   1.2645
  -0.6758

  -0.3144
   1.2110
  -0.7009

  -0.3170
   1.1582
  -0.7253

  -0.3261
   1.1067
  -0.7487

  -0.3415
   1.0575
  -0.7713

  -0.3629
   1.0110
  -0.7929

  -0.3898
   0.9681
  -0.8135

  -0.4219
   0.9293
  -0.8332

  -0.4587
   0.8953
  -0.8519

  -0.4995
   0.8664
  -0.8696

  -0.5438
   0.8432
  -0.8862

  -0.5908
   0.8260
  -0.9017

  -0.6399
   0.8151
  -0.9162

  -0.6903
   0.8107
  -0.9295

  -0.7412
   0.8129
  -0.9417

  -0.7919
   0.8217
  -0.9528

  -0.8417
   0.8371
  -0.9628

  -0.8897
   0.8588
  -0.9716

  -0.9352
   0.8867
  -0.9792

  -0.9776
   0.9204
  -0.9857

  -1.0162
   0.9596
  -0.9909

  -1.0504
   1.0037
  -0.9950

  -1.0797
   1.0523
  -0.9979

  -1.1035
   1.1047
  -0.9995

  -1.1214
   1.1603
  -1.0000

  -1.1332
   1.2184
  -0.9993

  -1.1386
   1.2782
  -0.9973

  -1.1374
   1.3391
  -0.9942

  -1.1295
   1.4002
  -0.9898

  -1.1149
   1.4608
  -0.9843

  -1.0938
   1.5201
  -0.9776

  -1.0663
   1.5775
  -0.9697

  -1.0328
   1.6321
  -0.9606

  -0.9934
   1.6833
  -0.9504

  -0.9488
   1.7304
  -0.9391

  -0.8993
   1.7729
  -0.9266

  -0.8455
   1.8103
  -0.9130

  -0.7881
   1.8420
  -0.8982

  -0.7277
   1.8678
  -0.8825

  -0.6650
   1.8872
  -0.8656

  -0.6007
   1.9002
  -0.8477

  -0.5357
   1.9065
  -0.8288

  -0.4706
   1.9061
  -0.8089

  -0.4063
   1.8991
  -0.7880

  -0.3434
   1.8855
  -0.7662

  -0.2828
   1.8656
  -0.7434

  -0.2251
   1.8397
  -0.7198

  -0.1709
   1.8082
  -0.6953

  -0.1210
   1.7715
  -0.6699

  -0.0759
   1.7302
  -0.6438

  -0.0361
   1.6848
  -0.6168

  -0.0019
   1.6359
  -0.5892

   0.0262
   1.5843
  -0.5608

   0.0479
   1.5306
  -0.5317

   0.0632
   1.4756
  -0.5020

   0.0718
   1.4200
  -0.4717

   0.0738
   1.3647
  -0.4408

   0.0692
   1.3104
  -0.4094

   0.0582
   1.2578
  -0.3775

   0.0410
   1.2076
  -0.3452

   0.0180
   1.1606
  -0.3124

  -0.0104
   1.1174
  -0.2793

  -0.0437
   1.0786
  -0.2458

  -0.0815
   1.0447
  -0.2120

  -0.1231
   1.0162
  -0.1780

  -0.1678
   0.9935
  -0.1437

  -0.2150
   0.9770
  -0.1093

  -0.2639
   0.9669
  -0.0748

  -0.3139
   0.9633
  -0.0401

  -0.3640
   0.9663
  -0.0055

  -0.4136
   0.9759
   0.0292

  -0.4619
   0.9920
   0.0639

  -0.5082
   1.0144
   0.0985

  -0.5517
   1.0428
   0.1329

  -0.5917
   1.0769
   0.1672

  -0.6277
   1.1162
   0.2013

  -0.6591
   1.1603
   0.2352

  -0.6853
   1.2085
   0.2688

  -0.7059
   1.2602
   0.3020

  -0.7204
   1.3149
   0.3349

  -0.7288
   1.3717
   0.3674

  -0.7306
   1.4300
   0.3994

  -0.7258
   1.4889
   0.4310

  -0.7143
   1.5477
   0.4621

  -0.6962
   1.6057
   0.4925

  -0.6717
   1.6621
   0.5224

  -0.6409
   1.7162
   0.5517

  -0.6041
   1.7672
   0.5803

  -0.5618
   1.8146
   0.6082

  -0.5144
   1.8576
   0.6354

  -0.4624
   1.8957
   0.6618

  -0.4064
   1.9285
   0.6874

  -0.3470
   1.9555
   0.7122

  -0.2850
   1.9763
   0.7361

  -0.2210
   1.9907
   0.7591

  -0.1558
   1.9986
   0.7813

  -0.0901
   1.9998
   0.8024

  -0.0248
   1.9943
   0.8227

   0.0394
   1.9821
   0.8419

   0.1019
   1.9636
   0.8601

   0.1617
   1.9388
   0.8773

   0.2184
   1.9082
   0.8934

   0.2711
   1.8722
   0.9084

   0.3194
   1.8312
   0.9224

   0.3627
   1.7858
   0.9352

   0.4004
   1.7365
   0.9470

   0.4323
   1.6842
   0.9575

   0.4580
   1.6293
   0.9670

   0.4773
   1.5728
   0.9752

   0.4899
   1.5152
   0.9823

   0.4960
   1.4575
   0.9882

   0.4953
   1.4003
   0.9929

   0.4882
   1.3444
   0.9965

   0.4748
   1.2906
   0.9988

   0.4553
   1.2395
   0.9999

   0.4301
   1.1919
   0.9998

   0.3997
   1.1483
   0.9985

   0.3646
   1.1094
   0.9960

   0.3253
   1.0756
   0.9923

   0.2825
   1.0474
   0.9874

   0.2368
   1.0252
   0.9814

   0.1889
   1.0093
   0.9741

   0.1396
   0.9998
   0.9657

   0.0897
   0.9969
   0.9561

   0.0399
   1.0006
   0.9454

  -0.0091
   1.0109
   0.9335

  -0.0564
   1.0275
   0.9205

  -0.1014
   1.0504
   0.9064

  -0.1434
   1.0791
   0.8912

  -0.1816
   1.1134
   0.8749

  -0.2155
   1.1526
   0.8576

  -0.2446
   1.1963
   0.8392

  -0.2683
   1.2439
   0.8198

  -0.2862
   1.2948
   0.7995

  -0.2980
   1.3483
   0.7782

  -0.3034
   1.4036
   0.7559

  -0.3023
   1.4600
   0.7327

  -0.2945
   1.5168
   0.7087

  -0.2801
   1.5731
   0.6838

  -0.2592
   1.6283
   0.6581

  -0.2319
   1.6815
   0.6315

  -0.1984
   1.7321
   0.6043

  -0.1592
   1.7793
   0.5763

  -0.1146
   1.8226
   0.5476

  -0.0652
   1.8613
   0.5182

  -0.0114
   1.8949
   0.4882

   0.0460
   1.9229
   0.4577

   0.1066
   1.9450
   0.4265

   0.1694
   1.9608
   0.3949

   0.2339
   1.9701
   0.3628

   0.2993
   1.9728
   0.3302

   0.3647
   1.9688
   0.2973

   0.4295
   1.9581
   0.2640

   0.4929
   1.9409
   0.2304

   0.5541
   1.9174
   0.1965

   0.6124
   1.8878
   0.1624

   0.6672
   1.8525
   0.1280

   0.7179
   1.8120
   0.0935

   0.7638
   1.7667
   0.0590

   0.8044
   1.7173
   0.0243

   0.8394
   1.6644
  -0.0104

   0.8683
   1.6087
  -0.0451

   0.8909
   1.5508
  -0.0797

   0.9070
   1.4915
  -0.1142

   0.9164
   1.4315
  -0.1486

   0.9192
   1.3717
  -0.1829

   0.9154
   1.3128
  -0.2169

   0.9051
   1.2555
  -0.2506

   0.8886
   1.2006
  -0.2840

   0.8662
   1.1488
  -0.3171

   0.8383
   1.1007
  -0.3498

   0.8054
   1.0569
  -0.3821

   0.7679
   1.0180
  -0.4139

   0.7266
   0.9844
  -0.4453

   0.6820
   0.9567
  -0.4761

   0.6348
   0.9350
  -0.5063

   0.5858
   0.9197
  -0.5359

   0.5357
   0.9109
  -0.5649

   0.4853
   0.9087
  -0.5931

   0.4353
   0.9132
  -0.6207

   0.3865
   0.9241
  -0.6475

   0.3396
   0.9414
  -0.6736

   0.2953
   0.9647
  -0.6988

   0.2544
   0.9937
  -0.7232

   0.2175
   1.0280
  -0.7467

   0.1851
   1.0672
  -0.7694

   0.1578
   1.1105
  -0.7911

   0.1360
   1.1575
  -0.8118

   0.1202
   1.2075
  -0.8316

   0.1106
   1.2597
  -0.8503

   0.1075
   1.3134
  -0.8681

   0.1109
   1.3679
  -0.8848

   0.1210
   1.4224
  -0.9004

   0.1377
   1.4762
  -0.9150

   0.1608
   1.5285
  -0.9284

   0.1902
   1.5785
  -0.9407

   0.2256
   1.6255
  -0.9519

   0.2665
   1.6690
  -0.9620

   0.3126
   1.7082
  -0.9709

   0.3634
   1.7426
  -0.9786

   0.4181
   1.7716
  -0.9852

   0.4763
   1.7950
  -0.9905

   0.5372
   1.8122
  -0.9947

   0.6002
   1.8231
  -0.9977

   0.6644
   1.8274
  -0.9994

   0.7291
   1.8250
  -1.0000

   0.7936
   1.8160
  -0.9994

   0.8571
   1.8003
  -0.9975

   0.9188
   1.7782
  -0.9945

   0.9780
   1.7499
  -0.9902

   1.0340
   1.7156
  -0.9848

   1.0862
   1.6759
  -0.9782

   1.1340
   1.6312
  -0.9704

   1.1768
   1.5820
  -0.9615

   1.2141
   1.5289
  -0.9513

   1.2456
   1.4726
  -0.9401

   1.2709
   1.4137
  -0.9277

   1.2898
   1.3531
  -0.9142

   1.3020
   1.2914
  -0.8996

   1.3076
   1.2293
  -0.8839

   1.3065
   1.1678
  -0.8671

   1.2989
   1.1075
  -0.8493

   1.2849
   1.0492
  -0.8305

   1.2648
   0.9935
  -0.8106

   1.2389
   0.9412
  -0.7898

   1.2078
   0.8929
  -0.7681

   1.1718
   0.8492
  -0.7454

   1.1316
   0.8106
  -0.7218

   1.0877
   0.7776
  -0.6974

   1.0409
   0.7505
  -0.6721

   0.9918
   0.7296
  -0.6460

   0.9412
   0.7152
  -0.6192

   0.8898
   0.7074
  -0.5916

   0.8384
   0.7061
  -0.5632

   0.7877
   0.7115
  -0.5342

   0.7386
   0.7233
  -0.5046

   0.6917
   0.7413
  -0.4743

   0.6477
   0.7653
  -0.4435

   0.6074
   0.7948
  -0.4121

   0.5713
   0.8293
  -0.3803

   0.5400
   0.8685
  -0.3480

   0.5139
   0.9116
  -0.3152

   0.4936
   0.9581
  -0.2821

   0.4793
   1.0072
  -0.2487

   0.4713
   1.0583
  -0.2149

   0.4699
   1.1105
  -0.1809

   0.4751
   1.1633
  -0.1467

   0.4869
   1.2157
  -0.1123

   0.5052
   1.2670
  -0.0777

   0.5299
   1.3165
  -0.0431

   0.5608
   1.3634
  -0.0084

   0.5974
   1.4071
   0.0263

   0.6395
   1.4469
   0.0609

   0.6864
   1.4822
   0.0955

   0.7377
   1.5124
   0.1300

   0.7928
   1.5372
   0.1643

   0.8510
   1.5561
   0.1984

   0.9116
   1.5687
   0.2323

   0.9739
   1.5749
   0.2659

   1.0371
   1.5745
   0.2992

   1.1005
   1.5674
   0.3321

   1.1633
   1.5536
   0.3646

   1.2247
   1.5333
   0.3967

   1.2841
   1.5066
   0.4283

   1.3406
   1.4739
   0.4594

   1.3937
   1.4354
   0.4899

   1.4426
   1.3917
   0.5199

   1.4869
   1.3431
   0.5492

   1.5259
   1.2904
   0.5779

   1.5593
   1.2341
   0.6058

   1.5866
   1.1748
   0.6331

   1.6077
   1.1134
   0.6595

   1.6222
   1.0505
   0.6852

   1.6301
   0.9868
   0.7101

   1.6313
   0.9232
   0.7341

   1.6258
   0.8605
   0.7572

   1.6139
   0.7992
   0.7794

   1.5957
   0.7403
   0.8007

   1.5715
   0.6844
   0.8210

   1.5418
   0.6322
   0.8403

   1.5069
   0.5842
   0.8586

   1.4675
   0.5410
   0.8758

   1.4240
   0.5032
   0.8921

   1.3773
   0.4711
   0.9072

   1.3278
   0.4451
   0.9212

   1.2764
   0.4255
   0.9342

   1.2238
   0.4123
   0.9460

   1.1707
   0.4058
   0.9567

   1.1180
   0.4059
   0.9662

   1.0663
   0.4126
   0.9746

   1.0165
   0.4256
   0.9818

   0.9692
   0.4447
   0.9878

   0.9252
   0.4696
   0.9926

   0.8850
   0.4998
   0.9962

   0.8493
   0.5350
   0.9986

   0.8186
   0.5744
   0.9998

   0.7934
   0.6176
   0.9999

   0.7741
   0.6638
   0.9987

   0.7609
   0.7124
   0.9963

   0.7541
   0.7626
   0.9927

   0.7539
   0.8137
   0.9879

   0.7604
   0.8649
   0.9819

   0.7734
   0.9154
   0.9748

   0.7929
   0.9646
   0.9665

   0.8186
   1.0116
   0.9570

   0.8504
   1.0557
   0.9463

   0.8877
   1.0963
   0.9345

   0.9303
   1.1328
   0.9216

   0.9775
   1.1645
   0.9076

   1.0288
   1.1910
   0.8925

   1.0836
   1.2118
   0.8763

   1.1412
   1.2266
   0.8591

   1.2008
   1.2351
   0.8408

   1.2619
   1.2370
   0.8215

   1.3235
   1.2323
   0.8013

   1.3849
   1.2209
   0.7800

   1.4454
   1.2029
   0.7578

   1.5042
   1.1784
   0.7348

   1.5606
   1.1477
   0.7108

   1.6139
   1.1110
   0.6860

   1.6634
   1.0689
   0.6603

   1.7085
   1.0217
   0.6338

   1.7487
   0.9699
   0.6066

   1.7835
   0.9143
   0.5787

   1.8124
   0.8553
   0.5500

   1.8352
   0.7938
   0.5207

   1.8515
   0.7303
   0.4908

   1.8612
   0.6658
   0.4603

   1.8643
   0.6008
   0.4292

   1.8607
   0.5363
   0.3976

   1.8504
   0.4729
   0.3656

   1.8338
   0.4114
   0.3331

   1.8111
   0.3526
   0.3001

   1.7825
   0.2970
   0.2669

   1.7485
   0.2454
   0.2333

   1.7097
   0.1984
   0.1994

   1.6665
   0.1564
   0.1653

   1.6196
   0.1199
   0.1310

   1.5696
   0.0893
   0.0965

   1.5173
   0.0650
   0.0619

   1.4633
   0.0471
   0.0273

   1.4084
   0.0358
  -0.0074

   1.3535
   0.0311
  -0.0421

   1.2992
   0.0330
  -0.0768

   1.2462
   0.0414
  -0.1113

   1.1955
   0.0561
  -0.1457

   1.1476
   0.0768
  -0.1799

   1.1032
   0.1031
  -0.2139

   1.0629
   0.1345
  -0.2477

   1.0274
   0.1706
  -0.2812

   0.9971
   0.2108
  -0.3143

   0.9724
   0.2544
  -0.3470

   0.9537
   0.3007
  -0.3794

   0.9414
   0.3492
  -0.4112

   0.9355
   0.3989
  -0.4426

   0.9362
   0.4492
  -0.4734

   0.9435
   0.4993
  -0.5037

   0.9573
   0.5484
  -0.5334

   0.9776
   0.5957
  -0.5624

   1.0040
   0.6407
  -0.5907

   1.0362
   0.6824
  -0.6184

   1.0739
   0.7204
  -0.6453

   1.1165
   0.7540
  -0.6714

   1.1635
   0.7826
  -0.6967

   1.2144
   0.8058
  -0.7212

   1.2684
   0.8231
  -0.7448

   1.3249
   0.8343
  -0.7675

   1.3832
   0.8391
  -0.7892

   1.4425
   0.8373
  -0.8101

   1.5021
   0.8288
  -0.8299

   1.5611
   0.8137
  -0.8488

   1.6189
   0.7921
  -0.8666

   1.6746
   0.7640
  -0.8834

   1.7276
   0.7299
  -0.8991

   1.7772
   0.6901
  -0.9138

   1.8227
   0.6449
  -0.9273

   1.8636
   0.5949
  -0.9397

   1.8993
   0.5406
  -0.9510

   1.9295
   0.4827
  -0.9612

   1.9536
   0.4218
  -0.9702

   1.9714
   0.3587
  -0.9780

   1.9827
   0.2940
  -0.9846

   1.9874
   0.2285
  -0.9901

   1.9853
   0.1630
  -0.9944

   1.9767
   0.0983
  -0.9975

   1.9614
   0.0350
  -0.9993

   1.9399
  -0.0260
  -1.0000

   1.9124
  -0.0841
  -0.9995

   1.8792
  -0.1385
  -0.9977

   1.8409
  -0.1888
  -0.9948

   1.7979
  -0.2342
  -0.9907

   1.7508
  -0.2744
  -0.9853

   1.7003
  -0.3089
  -0.9788

   1.6470
  -0.3372
  -0.9711

   1.5917
  -0.3593
  -0.9623

   1.5351
  -0.3748
  -0.9522

   1.4779
  -0.3837
  -0.9411

   1.4210
  -0.3859
  -0.9288

   1.3650
  -0.3816
  -0.9154

   1.3108
  -0.3708
  -0.9008

   1.2590
  -0.3539
  -0.8852

   1.2104
  -0.3311
  -0.8686

   1.1655
  -0.3030
  -0.8509

   1.1251
  -0.2698
  -0.8321

   1.0896
  -0.2323
  -0.8124

   1.0595
  -0.1909
  -0.7917

   1.0353
  -0.1464
  -0.7700

   1.0172
  -0.0994
  -0.7474

   1.0054
  -0.0506
  -0.7239

   1.0002
  -0.0009
  -0.6995

   1.0016
   0.0490
  -0.6743

   1.0096
   0.0984
  -0.6483

   1.0241
   0.1466
  -0.6215

   1.0449
   0.1926
  -0.5939

   1.0717
   0.2360
  -0.5657

   1.1042
   0.2759
  -0.5367

   1.1419
   0.3117
  -0.5071

   1.1843
   0.3429
  -0.4769

   1.2309
   0.3689
  -0.4462

   1.2810
   0.3894
  -0.4148

   1.3340
   0.4038
  -0.3830

   1.3892
   0.4120
  -0.3508

   1.4458
   0.4137
  -0.3181

   1.5030
   0.4088
  -0.2850

   1.5602
   0.3972
  -0.2516

   1.6166
   0.3790
  -0.2178

   1.6713
   0.3544
  -0.1838

   1.7237
   0.3235
  -0.1496

   1.7730
   0.2867
  -0.1152

   1.8187
   0.2443
  -0.0807

   1.8600
   0.1968
  -0.0461

   1.8964
   0.1448
  -0.0114

   1.9275
   0.0888
   0.0233

   1.9528
   0.0294
   0.0580

   1.9720
  -0.0326
   0.0926

   1.9847
  -0.0966
   0.1270

   1.9909
  -0.1618
   0.1614

   1.9903
  -0.2274
   0.1955

   1.9831
  -0.2926
   0.2294

   1.9693
  -0.3568
   0.2630

   1.9490
  -0.4192
   0.2964

   1.9226
  -0.4789
   0.3293

   1.8903
  -0.5355
   0.3619

   1.8526
  -0.5881
   0.3940

   1.8099
  -0.6362
   0.4256

   1.7628
  -0.6794
   0.4568

   1.7119
  -0.7170
   0.4874

   1.6578
  -0.7487
   0.5174

   1.6013
  -0.7742
   0.5467

   1.5431
  -0.7933
   0.5754

   1.4839
  -0.8057
   0.6035

   1.4245
  -0.8115
   0.6308

   1.3657
  -0.8107
   0.6573

   1.3082
  -0.8033
   0.6831

   1.2527
  -0.7897
   0.7080

   1.2000
  -0.7699
   0.7321

   1.1508
  -0.7445
   0.7552

   1.1056
  -0.7139
   0.7775

   1.0651
  -0.6785
   0.7989

   1.0297
  -0.6390
   0.8193

   0.9999
  -0.5959
   0.8387

   0.9761
  -0.5499
   0.8570

   0.9586
  -0.5018
   0.8744

   0.9475
  -0.4522
   0.8907

   0.9430
  -0.4020
   0.9059

   0.9451
  -0.3519
   0.9201

   0.9538
  -0.3027
   0.9331

   0.9688
  -0.2550
   0.9450

   0.9901
  -0.2097
   0.9558

   1.0172
  -0.1675
   0.9654

   1.0499
  -0.1289
   0.9739

   1.0875
  -0.0947
   0.9812

   1.1296
  -0.0653
   0.9873

   1.1757
  -0.0413
   0.9922

   1.2250
  -0.0231
   0.9959

   1.2768
  -0.0110
   0.9985

   1.3305
  -0.0052
   0.9998

   1.3853
  -0.0060
   0.9999

   1.4405
  -0.0134
   0.9988

   1.4952
  -0.0274
   0.9965

   1.5487
  -0.0480
   0.9931

   1.6003
  -0.0749
   0.9884

   1.6493
  -0.1080
   0.9825

   1.6949
  -0.1468
   0.9754

   1.7366
  -0.1909
   0.9672

   1.7736
  -0.2400
   0.9578

   1.8056
  -0.2933
   0.9473

   1.8320
  -0.3503
   0.9356

   1.8525
  -0.4104
   0.9228

   1.8667
  -0.4728
   0.9089

   1.8744
  -0.5368
   0.8938

   1.8754
  -0.6016
   0.8778

   1.8698
  -0.6666
   0.8606

   1.8575
  -0.7308
   0.8424

   1.8387
  -0.7936
   0.8232

   1.8136
  -0.8543
   0.8030

   1.7823
  -0.9121
   0.7819

   1.7455
  -0.9663
   0.7598

   1.7034
  -1.0163
   0.7368

   1.6565
  -1.0616
   0.7129

   1.6056
  -1.1017
   0.6881

   1.5511
  -1.1360
   0.6625

   1.4938
  -1.1643
   0.6361

   1.4343
  -1.1863
   0.6090

   1.3735
  -1.2017
   0.5811

   1.3120
  -1.2104
   0.5525

   1.2506
  -1.2125
   0.5233

   1.1902
  -1.2080
   0.4934

   1.1314
  -1.1971
   0.4629

   1.0750
  -1.1799
   0.4319

   1.0217
  -1.1568
   0.4004

   0.9721
  -1.1282
   0.3683

   0.9268
  -1.0946
   0.3359

   0.8864
  -1.0564
   0.3030

   0.8514
  -1.0144
   0.2697

   0.8221
  -0.9691
   0.2362

   0.7990
  -0.9212
   0.2023

   0.7822
  -0.8715
   0.1682

   0.7720
  -0.8207
   0.1339

   0.7684
  -0.7695
   0.0995

   0.7714
  -0.7187
   0.0649

   0.7809
  -0.6692
   0.0302

   0.7967
  -0.6215
  -0.0045

   0.8186
  -0.5766
  -0.0391

   0.8462
  -0.5349
  -0.0738

   0.8791
  -0.4972
  -0.1083

   0.9167
  -0.4641
  -0.1428

   0.9587
  -0.4360
  -0.1770

   1.0042
  -0.4135
  -0.2110

   1.0527
  -0.3969
  -0.2448

   1.1035
  -0.3865
  -0.2783

   1.1558
  -0.3826
  -0.3115

   1.2089
  -0.3853
  -0.3442

   1.2620
  -0.3945
  -0.3766

   1.3143
  -0.4104
  -0.4085

   1.3651
  -0.4327
  -0.4399

   1.4137
  -0.4613
  -0.4708

   1.4593
  -0.4959
  -0.5011

   1.5013
  -0.5360
  -0.5309

   1.5391
  -0.5813
  -0.5599

   1.5721
  -0.6311
  -0.5883

   1.5997
  -0.6850
  -0.6160

   1.6216
  -0.7423
  -0.6430

   1.6375
  -0.8023
  -0.6692

   1.6469
  -0.8644
  -0.6946

   1.6498
  -0.9277
  -0.7191

   1.6460
  -0.9915
  -0.7428

   1.6356
  -1.0550
  -0.7655

   1.6185
  -1.1175
  -0.7874

   1.5950
  -1.1782
  -0.8083

   1.5653
  -1.2365
  -0.8283

   1.5296
  -1.2915
  -0.8472

   1.4885
  -1.3427
  -0.8651

   1.4424
  -1.3895
  -0.8820

   1.3919
  -1.4313
  -0.8978

   1.3374
  -1.4676
  -0.9125

   1.2798
  -1.4980
  -0.9262

   1.2196
  -1.5223
  -0.9387

   1.1576
  -1.5400
  -0.9501

   1.0946
  -1.5512
  -0.9604

   1.0313
  -1.5557
  -0.9694

   0.9685
  -1.5536
  -0.9774

   0.9069
  -1.5449
  -0.9841

   0.8473
  -1.5298
  -0.9897

   0.7904
  -1.5086
  -0.9941

   0.7368
  -1.4816
  -0.9972

   0.6873
  -1.4494
  -0.9992

   0.6424
  -1.4123
  -1.0000

   0.6026
  -1.3710
  -0.9996

   0.5683
  -1.3260
  -0.9979

   0.5400
  -1.2781
  -0.9951

   0.5179
  -1.2279
  -0.9911

   0.5023
  -1.1761
  -0.9858

   0.4933
  -1.1236
  -0.9794

   0.4909
  -1.0711
  -0.9718

   0.4951
  -1.0193
  -0.9631

   0.5057
  -0.9691
  -0.9531

   0.5226
  -0.9210
  -0.9421

   0.5453
  -0.8760
  -0.9299

   0.5737
  -0.8345
  -0.9166

   0.6071
  -0.7972
  -0.9021

   0.6451
  -0.7648
  -0.8866

   0.6871
  -0.7376
  -0.8700

   0.7324
  -0.7161
  -0.8524

   0.7803
  -0.7007
  -0.8338

   0.8303
  -0.6916
  -0.8141

   0.8814
  -0.6890
  -0.7935

   0.9330
  -0.6930
  -0.7719

   0.9843
  -0.7036
  -0.7494

   1.0344
  -0.7208
  -0.7260

   1.0828
  -0.7443
  -0.7017

   1.1286
  -0.7740
  -0.6765

   1.1711
  -0.8094
  -0.6506

   1.2098
  -0.8503
  -0.6238

   1.2440
  -0.8960
  -0.5963

   1.2731
  -0.9461
  -0.5681

   1.2968
  -1.0000
  -0.5392

   1.3145
  -1.0569
  -0.5097

   1.3261
  -1.1162
  -0.4795

   1.3311
  -1.1773
  -0.4488

   1.3296
  -1.2392
  -0.4175

   1.3214
  -1.3013
  -0.3858

   1.3066
  -1.3628
  -0.3535

   1.2852
  -1.4229
  -0.3209

   1.2574
  -1.4810
  -0.2878

   1.2236
  -1.5362
  -0.2544

   1.1841
  -1.5879
  -0.2207

   1.1393
  -1.6355
  -0.1868

   1.0897
  -1.6784
  -0.1526

   1.0360
  -1.7161
  -0.1182

   0.9787
  -1.7481
  -0.0837

   0.9184
  -1.7741
  -0.0491

   0.8560
  -1.7938
  -0.0144

   0.7921
  -1.8069
   0.0203

   0.7275
  -1.8134
   0.0550

   0.6629
  -1.8132
   0.0896

   0.5992
  -1.8063
   0.1241

   0.5371
  -1.7930
   0.1584

   0.4773
  -1.7733
   0.1926

   0.4204
  -1.7478
   0.2265

   0.3673
  -1.7166
   0.2602

   0.3184
  -1.6804
   0.2935

   0.2744
  -1.6395
   0.3265

   0.2357
  -1.5947
   0.3591

   0.2028
  -1.5465
   0.3912

   0.1759
  -1.4956
   0.4229

   0.1554
  -1.4428
   0.4541

   0.1415
  -1.3887
   0.4848

   0.1342
  -1.3342
   0.5148

   0.1335
  -1.2801
   0.5442

   0.1393
  -1.2270
   0.5730

   0.1515
  -1.1758
   0.6011

   0.1698
  -1.1271
   0.6285

   0.1939
  -1.0816
   0.6551

   0.2234
  -1.0400
   0.6809

   0.2577
  -1.0029
   0.7059

   0.2964
  -0.9708
   0.7300

   0.3388
  -0.9442
   0.7533

   0.3842
  -0.9234
   0.7757

   0.4321
  -0.9088
   0.7971

   0.4815
  -0.9006
   0.8176

   0.5318
  -0.8990
   0.8370

   0.5823
  -0.9040
   0.8555

   0.6321
  -0.9155
   0.8730

   0.6805
  -0.9336
   0.8894

   0.7267
  -0.9579
   0.9047

   0.7701
  -0.9882
   0.9189

   0.8100
  -1.0241
   0.9320

   0.8457
  -1.0652
   0.9441

   0.8767
  -1.1109
   0.9549

   0.9025
  -1.1607
   0.9647

   0.9226
  -1.2140
   0.9732

   0.9367
  -1.2701
   0.9806

   0.9444
  -1.3283
   0.9868

   0.9456
  -1.3878
   0.9918

   0.9402
  -1.4479
   0.9957

   0.9281
  -1.5078
   0.9983

   0.9094
  -1.5668
   0.9997

   0.8843
  -1.6240
   0.9999

   0.8529
  -1.6789
   0.9990

   0.8157
  -1.7306
   0.9968

   0.7729
  -1.7785
   0.9934

   0.7250
  -1.8220
   0.9888

   0.6727
  -1.8606
   0.9830

   0.6164
  -1.8938
   0.9761

   0.5569
  -1.9212
   0.9680

   0.4947
  -1.9423
   0.9587

   0.4307
  -1.9570
   0.9482

   0.3656
  -1.9652
   0.9366

   0.3001
  -1.9666
   0.9239

   0.2351
  -1.9614
   0.9101

   0.1712
  -1.9495
   0.8952

   0.1092
  -1.9313
   0.8792

   0.0499
  -1.9069
   0.8621

  -0.0062
  -1.8767
   0.8440

  -0.0582
  -1.8412
   0.8249

  -0.1057
  -1.8007
   0.8048

  -0.1482
  -1.7559
   0.7837

  -0.1851
  -1.7074
   0.7617

  -0.2161
  -1.6558
   0.7388

  -0.2408
  -1.6018
   0.7150

  -0.2591
  -1.5462
   0.6903

  -0.2708
  -1.4898
   0.6648

  -0.2759
  -1.4332
   0.6384

  -0.2743
  -1.3773
   0.6114

  -0.2663
  -1.3228
   0.5835

  -0.2519
  -1.2704
   0.5550

  -0.2316
  -1.2209
   0.5258

  -0.2057
  -1.1750
   0.4960

  -0.1746
  -1.1331
   0.4656

  -0.1388
  -1.0960
   0.4346

  -0.0990
  -1.0641
   0.4031

  -0.0557
  -1.0378
   0.3711

  -0.0097
  -1.0176
   0.3387

   0.0384
  -1.0036
   0.3058

   0.0878
  -0.9961
   0.2726

   0.1378
  -0.9953
   0.2391

   0.1876
  -1.0010
   0.2052

   0.2364
  -1.0132
   0.1712

   0.2834
  -1.0319
   0.1369

   0.3281
  -1.0567
   0.1024

   0.3696
  -1.0873
   0.0679

   0.4072
  -1.1234
   0.0332

   0.4405
  -1.1644
  -0.0015

   0.4689
  -1.2098
  -0.0362

   0.4918
  -1.2591
  -0.0708

   0.5089
  -1.3115
  -0.1054

   0.5198
  -1.3664
  -0.1398

   0.5243
  -1.4230
  -0.1741

   0.5223
  -1.4807
  -0.2081

   0.5136
  -1.5386
  -0.2419

   0.4982
  -1.5960
  -0.2755

   0.4764
  -1.6520
  -0.3086

   0.4481
  -1.7061
  -0.3414

   0.4138
  -1.7575
  -0.3738

   0.3738
  -1.8054
  -0.4058

   0.3284
  -1.8492
  -0.4373

   0.2783
  -1.8884
  -0.4682

   0.2239
  -1.9225
  -0.4986

   0.1658
  -1.9509
  -0.5283

   0.1048
  -1.9733
  -0.5575

   0.0416
  -1.9895
  -0.5859

  -0.0232
  -1.9991
  -0.6137

  -0.0888
  -2.0020
  -0.6407

  -0.1543
  -1.9983
  -0.6670

  -0.2192
  -1.9879
  -0.6924

  -0.2824
  -1.9710
  -0.7170

  -0.3435
  -1.9478
  -0.7408

  -0.4016
  -1.9186
  -0.7636

  -0.4561
  -1.8837
  -0.7856

  -0.5063
  -1.8437
  -0.8066

  -0.5517
  -1.7990
  -0.8266

  -0.5919
  -1.7503
  -0.8456

  -0.6263
  -1.6981
  -0.8636

  -0.6546
  -1.6431
  -0.8806

  -0.6766
  -1.5861
  -0.8965

  -0.6920
  -1.5278
  -0.9113

  -0.7008
  -1.4690
  -0.9251

  -0.7030
  -1.4104
  -0.9377

  -0.6985
  -1.3528
  -0.9492

  -0.6877
  -1.2969
  -0.9595

  -0.6706
  -1.2435
  -0.9687

  -0.6478
  -1.1932
  -0.9767

  -0.6195
  -1.1468
  -0.9836

  -0.5862
  -1.1047
  -0.9893

  -0.5485
  -1.0676
  -0.9937

  -0.5070
  -1.0359
  -0.9970

  -0.4623
  -1.0100
  -0.9991

  -0.4152
  -0.9903
  -1.0000

  -0.3663
  -0.9769
  -0.9996

  -0.3164
  -0.9701
  -0.9981

  -0.2663
  -0.9699
  -0.9954

  -0.2167
  -0.9763
  -0.9915

  -0.1684
  -0.9892
  -0.9863

  -0.1222
  -1.0084
  -0.9800

  -0.0787
  -1.0336
  -0.9725

  -0.0386
  -1.0644
  -0.9639

  -0.0026
  -1.1005
  -0.9540

   0.0288
  -1.1413
  -0.9431

   0.0550
  -1.1863
  -0.9310

   0.0757
  -1.2348
  -0.9177

   0.0903
  -1.2862
  -0.9034

   0.0987
  -1.3397
  -0.8880

   0.1006
  -1.3947
  -0.8715

   0.0960
  -1.4503
  -0.8540

   0.0846
  -1.5059
  -0.8354

   0.0667
  -1.5606
  -0.8158

   0.0423
  -1.6136
  -0.7953

   0.0117
  -1.6644
  -0.7738

  -0.0249
  -1.7121
  -0.7513

  -0.0670
  -1.7561
  -0.7280

  -0.1141
  -1.7958
  -0.7038

  -0.1658
  -1.8305
  -0.6787

  -0.2215
  -1.8600
  -0.6528

  -0.2806
  -1.8836
  -0.6261

  -0.3422
  -1.9011
  -0.5987

  -0.4058
  -1.9122
  -0.5706

  -0.4706
  -1.9167
  -0.5417

  -0.5358
  -1.9145
  -0.5123

  -0.6007
  -1.9056
  -0.4822

  -0.6645
  -1.8902
  -0.4515

  -0.7264
  -1.8683
  -0.4203

  -0.7857
  -1.8402
  -0.3885

  -0.8418
  -1.8063
  -0.3563

  -0.8939
  -1.7669
  -0.3237

  -0.9416
  -1.7226
  -0.2907

  -0.9842
  -1.6739
  -0.2573

  -1.0213
  -1.6213
  -0.2236

  -1.0525
  -1.5657
  -0.1897

  -1.0775
  -1.5076
  -0.1555

  -1.0960
  -1.4478
  -0.1211

  -1.1080
  -1.3870
  -0.0866

  -1.1132
  -1.3260
  -0.0520

  -1.1118
  -1.2656
  -0.0174

  -1.1039
  -1.2066
   0.0173

  -1.0897
  -1.1495
   0.0520

  -1.0694
  -1.0953
   0.0866

  -1.0434
  -1.0445
   0.1211

  -1.0121
  -0.9978
   0.1555

  -0.9762
  -0.9557
   0.1897

  -0.9360
  -0.9188
   0.2236

  -0.8923
  -0.8875
   0.2573

  -0.8457
  -0.8622
   0.2907

  -0.7970
  -0.8432
   0.3237

  -0.7469
  -0.8306
   0.3563

  -0.6960
  -0.8246
   0.3885

  -0.6453
  -0.8252
   0.4202

  -0.5954
  -0.8324
   0.4515

  -0.5472
  -0.8460
   0.4821

  -0.5012
  -0.8657
   0.5122

  -0.4584
  -0.8914
   0.5417

  -0.4192
  -0.9225
   0.5706

  -0.3843
  -0.9587
   0.5987

  -0.3543
  -0.9993
   0.6261

  -0.3296
  -1.0439
   0.6528

  -0.3107
  -1.0917
   0.6787

  -0.2979
  -1.1420
   0.7038

  -0.2915
  -1.1943
   0.7280

  -0.2916
  -1.2476
   0.7513

  -0.2983
  -1.3012
   0.7738

  -0.3117
  -1.3545
   0.7953

  -0.3315
  -1.4065
   0.8158

  -0.3578
  -1.4566
   0.8354

  -0.3901
  -1.5041
   0.8540

  -0.4282
  -1.5482
   0.8715

  -0.4716
  -1.5884
   0.8880

  -0.5199
  -1.6239
   0.9034

  -0.5724
  -1.6544
   0.9177

  -0.6287
  -1.6793
   0.9310

  -0.6880
  -1.6983
   0.9431

  -0.7495
  -1.7110
   0.9540

  -0.8127
  -1.7172
   0.9639

  -0.8768
  -1.7168
   0.9725

  -0.9409
  -1.7097
   0.9800

  -1.0043
  -1.6960
   0.9863

  -1.0662
  -1.6757
   0.9914

  -1.1260
  -1.6491
   0.9954

  -1.1829
  -1.6164
   0.9981

  -1.2362
  -1.5781
   0.9996

  -1.2854
  -1.5345
   1.0000

  -1.3298
  -1.4863
   0.9991

  -1.3689
  -1.4339
   0.9970

  -1.4023
  -1.3780
   0.9937

  -1.4296
  -1.3192
   0.9893

  -1.4506
  -1.2584
   0.9836

  -1.4651
  -1.1962
   0.9767

  -1.4729
  -1.1333
   0.9687

  -1.4740
  -1.0706
   0.9595

  -1.4685
  -1.0088
   0.9492

  -1.4566
  -0.9487
   0.9377

  -1.4384
  -0.8909
   0.9251

  -1.4143
  -0.8363
   0.9113

  -1.3847
  -0.7853
   0.8965

  -1.3501
  -0.7388
   0.8806

  -1.3109
  -0.6971
   0.8636

  -1.2679
  -0.6608
   0.8456

  -1.2215
  -0.6302
   0.8266

  -1.1726
  -0.6058
   0.8066

  -1.1219
  -0.5878
   0.7856

  -1.0700
  -0.5763
   0.7636

  -1.0178
  -0.5714
   0.7408

  -0.9661
  -0.5731
   0.7170

  -0.9155
  -0.5814
   0.6924

  -0.8668
  -0.5960
   0.6670

  -0.8208
  -0.6166
   0.6407

  -0.7781
  -0.6429
   0.6137

  -0.7394
  -0.6746
   0.5859

  -0.7052
  -0.7111
   0.5575

  -0.6761
  -0.7517
   0.5283

  -0.6525
  -0.7961
   0.4986

  -0.6349
  -0.8434
   0.4682

  -0.6234
  -0.8929
   0.4373

  -0.6184
  -0.9440
   0.4058

  -0.6200
  -0.9958
   0.3739

  -0.6282
  -1.0477
   0.3415

  -0.6430
  -1.0988
   0.3086

  -0.6643
  -1.1484
   0.2755

  -0.6918
  -1.1957
   0.2419

  -0.7252
  -1.2401
   0.2081

  -0.7642
  -1.2809
   0.1741

  -0.8083
  -1.3175
   0.1398

  -0.8570
  -1.3492
   0.1054

  -0.9098
  -1.3757
   0.0708

  -0.9659
  -1.3964
   0.0362

  -1.0248
  -1.4110
   0.0015

  -1.0856
  -1.4192
  -0.0332

  -1.1477
  -1.4209
  -0.0678

  -1.2103
  -1.4160
  -0.1024

  -1.2727
  -1.4043
  -0.1369

  -1.3340
  -1.3861
  -0.1711

  -1.3935
  -1.3614
  -0.2052

  -1.4505
  -1.3305
  -0.2391

  -1.5043
  -1.2938
  -0.2726

  -1.5542
  -1.2515
  -0.3058

  -1.5997
  -1.2043
  -0.3386

  -1.6402
  -1.1526
  -0.3711

  -1.6752
  -1.0971
  -0.4031

  -1.7044
  -1.0383
  -0.4346

  -1.7273
  -0.9770
  -0.4656

  -1.7438
  -0.9140
  -0.4960

  -1.7537
  -0.8499
  -0.5258

  -1.7568
  -0.7856
  -0.5550

  -1.7534
  -0.7217
  -0.5835

  -1.7433
  -0.6591
  -0.6113

  -1.7269
  -0.5984
  -0.6384

  -1.7044
  -0.5405
  -0.6647

  -1.6761
  -0.4860
  -0.6903

  -1.6425
  -0.4355
  -0.7149

  -1.6041
  -0.3896
  -0.7388

  -1.5614
  -0.3488
  -0.7617

  -1.5151
  -0.3136
  -0.7837

  -1.4658
  -0.2843
  -0.8048

  -1.4142
  -0.2613
  -0.8249

  -1.3611
  -0.2448
  -0.8440

  -1.3073
  -0.2348
  -0.8621

  -1.2534
  -0.2315
  -0.8792

  -1.2003
  -0.2348
  -0.8952

  -1.1486
  -0.2445
  -0.9101

  -1.0993
  -0.2605
  -0.9239

  -1.0528
  -0.2823
  -0.9366

  -1.0100
  -0.3098
  -0.9482

  -0.9714
  -0.3423
  -0.9587

  -0.9376
  -0.3794
  -0.9680

  -0.9091
  -0.4205
  -0.9761

  -0.8862
  -0.4650
  -0.9830

  -0.8694
  -0.5121
  -0.9888

  -0.8590
  -0.5611
  -0.9934

  -0.8550
  -0.6114
  -0.9968

  -0.8576
  -0.6621
  -0.9990

  -0.8669
  -0.7125
  -0.9999

  -0.8827
  -0.7618
  -0.9997

  -0.9048
  -0.8093
  -0.9983

  -0.9331
  -0.8543
  -0.9957

  -0.9671
  -0.8960
  -0.9918

  -1.0066
  -0.9338
  -0.9868

  -1.0509
  -0.9671
  -0.9806

  -1.0995
  -0.9954
  -0.9732

  -1.1520
  -1.0182
  -0.9647

  -1.2075
  -1.0352
  -0.9549

  -1.2654
  -1.0459
  -0.9441

  -1.3249
  -1.0502
  -0.9321

  -1.3854
  -1.0478
  -0.9189

  -1.4460
  -1.0388
  -0.9047

  -1.5060
  -1.0232
  -0.8894

  -1.5647
  -1.0010
  -0.8730

  -1.6212
  -0.9725
  -0.8555

  -1.6749
  -0.9379
  -0.8370

  -1.7251
  -0.8976
  -0.8176

  -1.7712
  -0.8521
  -0.7971

  -1.8125
  -0.8018
  -0.7757

  -1.8487
  -0.7473
  -0.7533

  -1.8792
  -0.6893
  -0.7300

  -1.9036
  -0.6284
  -0.7059

  -1.9217
  -0.5652
  -0.6809

  -1.9333
  -0.5007
  -0.6551

  -1.9382
  -0.4354
  -0.6285

  -1.9364
  -0.3702
  -0.6011

  -1.9280
  -0.3059
  -0.5730

  -1.9131
  -0.2431
  -0.5442

  -1.8919
  -0.1827
  -0.5148

  -1.8647
  -0.1253
  -0.4848

  -1.8320
  -0.0715
  -0.4541

  -1.7942
  -0.0221
  -0.4229

  -1.7517
   0.0225
  -0.3913

  -1.7053
   0.0617
  -0.3591

  -1.6555
   0.0952
  -0.3265

  -1.6031
   0.1226
  -0.2935

  -1.5487
   0.1436
  -0.2602

  -1.4931
   0.1580
  -0.2265

  -1.4371
   0.1659
  -0.1926

  -1.3813
   0.1671
  -0.1584

  -1.3267
   0.1617
  -0.1241

  -1.2739
   0.1500
  -0.0896

  -1.2236
   0.1321
  -0.0550

  -1.1766
   0.1085
  -0.0203

  -1.1335
   0.0795
   0.0144

  -1.0948
   0.0456
   0.0490

  -1.0611
   0.0074
   0.0837

  -1.0329
  -0.0346
   0.1182

  -1.0106
  -0.0796
   0.1526

  -0.9945
  -0.1269
   0.1868

  -0.9847
  -0.1759
   0.2207

  -0.9815
  -0.2258
   0.2544

  -0.9850
  -0.2759
   0.2878

  -0.9950
  -0.3252
   0.3209

  -1.0114
  -0.3732
   0.3535

  -1.0342
  -0.4190
   0.3858

  -1.0629
  -0.4620
   0.4175

  -1.0972
  -0.5015
   0.4488

  -1.1367
  -0.5368
   0.4795

  -1.1809
  -0.5674
   0.5097

  -1.2291
  -0.5928
   0.5392

  -1.2808
  -0.6125
   0.5681

  -1.3353
  -0.6262
   0.5963

  -1.3918
  -0.6336
   0.6238

  -1.4497
  -0.6344
   0.6506

  -1.5082
  -0.6286
   0.6765

  -1.5665
  -0.6162
   0.7016

  -1.6238
  -0.5972
   0.7259

  -1.6794
  -0.5717
   0.7494

  -1.7326
  -0.5400
   0.7719

  -1.7826
  -0.5024
   0.7935

  -1.8289
  -0.4593
   0.8141

  -1.8708
  -0.4112
   0.8338

  -1.9077
  -0.3586
   0.8524

  -1.9392
  -0.3020
   0.8700

  -1.9649
  -0.2422
   0.8866

  -1.9843
  -0.1799
   0.9021

  -1.9974
  -0.1156
   0.9166

  -2.0038
  -0.0503
   0.9299

  -2.0036
   0.0153
   0.9421

  -1.9967
   0.0806
   0.9531

  -1.9831
   0.1447
   0.9631

  -1.9632
   0.2068
   0.9718

  -1.9371
   0.2663
   0.9794

  -1.9053
   0.3224
   0.9858

  -1.8680
   0.3746
   0.9911

  -1.8258
   0.4222
   0.9951

  -1.7794
   0.4648
   0.9979

  -1.7292
   0.5018
   0.9996

  -1.6759
   0.5328
   1.0000

  -1.6203
   0.5576
   0.9992

  -1.5631
   0.5760
   0.9972

  -1.5049
   0.5877
   0.9941

  -1.4467
   0.5928
   0.9897

  -1.3892
   0.5913
   0.9841

  -1.3330
   0.5833
   0.9774

  -1.2790
   0.5689
   0.9694

  -1.2279
   0.5486
   0.9604

  -1.1803
   0.5227
   0.9501

  -1.1368
   0.4916
   0.9387

  -1.0980
   0.4558
   0.9262

  -1.0645
   0.4160
   0.9126

  -1.0366
   0.3727
   0.8978

  -1.0148
   0.3266
   0.8820

  -0.9992
   0.2785
   0.8651

  -0.9901
   0.2290
   0.8472

  -0.9876
   0.1790
   0.8283

  -0.9917
   0.1292
   0.8083

  -1.0023
   0.0804
   0.7874

  -1.0194
   0.0333
   0.7656

  -1.0425
  -0.0114
   0.7428

  -1.0716
  -0.0530
   0.7191

  -1.1060
  -0.0907
   0.6946

  -1.1454
  -0.1241
   0.6692

  -1.1892
  -0.1525
   0.6430

  -1.2368
  -0.1755
   0.6160

  -1.2876
  -0.1927
   0.5884

  -1.3408
  -0.2037
   0.5599

  -1.3958
  -0.2083
   0.5309

  -1.4518
  -0.2063
   0.5011

  -1.5081
  -0.1978
   0.4708

  -1.5638
  -0.1825
   0.4399

  -1.6182
  -0.1608
   0.4085

  -1.6706
  -0.1327
   0.3766

  -1.7203
  -0.0986
   0.3443

  -1.7665
  -0.0587
   0.3115

  -1.8087
  -0.0135
   0.2783

  -1.8462
   0.0365
   0.2448

  -1.8786
   0.0907
   0.2111

  -1.9054
   0.1485
   0.1770

  -1.9261
   0.2093
   0.1428

  -1.9406
   0.2723
   0.1083

  -1.9485
   0.3368
   0.0738

  -1.9498
   0.4021
   0.0392

  -1.9444
   0.4674
   0.0045

  -1.9323
   0.5319
  -0.0302

  -1.9137
   0.5949
  -0.0649

  -1.8888
   0.6556
  -0.0995

  -1.8580
   0.7134
  -0.1339

  -1.8214
   0.7675
  -0.1682

  -1.7798
   0.8174
  -0.2023

  -1.7334
   0.8625
  -0.2362

  -1.6830
   0.9022
  -0.2697

  -1.6292
   0.9362
  -0.3030

  -1.5726
   0.9642
  -0.3358

  -1.5140
   0.9857
  -0.3683

  -1.4541
   1.0007
  -0.4004

  -1.3937
   1.0091
  -0.4319

  -1.3334
   1.0108
  -0.4629

  -1.2742
   1.0059
  -0.4934

  -1.2168
   0.9946
  -0.5233

  -1.1618
   0.9771
  -0.5525

  -1.1099
   0.9538
  -0.5811

  -1.0619
   0.9250
  -0.6090

  -1.0183
   0.8913
  -0.6361

  -0.9796
   0.8531
  -0.6625

  -0.9463
   0.8111
  -0.6881

  -0.9189
   0.7659
  -0.7129

  -0.8976
   0.7183
  -0.7368

  -0.8827
   0.6689
  -0.7598

  -0.8744
   0.6186
  -0.7819

  -0.8726
   0.5679
  -0.8030

  -0.8775
   0.5179
  -0.8232

  -0.8888
   0.4691
  -0.8424

  -0.9065
   0.4223
  -0.8606

  -0.9301
   0.3783
  -0.8778

  -0.9595
   0.3377
  -0.8938

  -0.9940
   0.3011
  -0.9089

  -1.0333
   0.2692
  -0.9228

  -1.0767
   0.2424
  -0.9356

  -1.1237
   0.2212
  -0.9473

  -1.1735
   0.2060
  -0.9578

  -1.2255
   0.1971
  -0.9672

  -1.2790
   0.1946
  -0.9754

  -1.3331
   0.1987
  -0.9825

  -1.3871
   0.2095
  -0.9884

  -1.4402
   0.2268
  -0.9930

  -1.4918
   0.2506
  -0.9965

  -1.5410
   0.2807
  -0.9988

  -1.5871
   0.3166
  -0.9999

  -1.6296
   0.3580
  -0.9998

  -1.6677
   0.4046
  -0.9985

  -1.7009
   0.4557
  -0.9959

  -1.7288
   0.5107
  -0.9922

  -1.7509
   0.5690
  -0.9873

  -1.7668
   0.6300
  -0.9812

  -1.7764
   0.6929
  -0.9739

  -1.7794
   0.7570
  -0.9654

  -1.7756
   0.8215
  -0.9558

  -1.7653
   0.8856
  -0.9450

  -1.7483
   0.9486
  -0.9331

  -1.7248
   1.0098
  -0.9201

  -1.6952
   1.0684
  -0.9059

  -1.6598
   1.1236
  -0.8907

  -1.6189
   1.1750
  -0.8744

  -1.5731
   1.2219
  -0.8571

  -1.5229
   1.2637
  -0.8387

  -1.4689
   1.2999
  -0.8193

  -1.4118
   1.3303
  -0.7989

  -1.3522
   1.3545
  -0.7775

  -1.2910
   1.3721
  -0.7553

  -1.2288
   1.3832
  -0.7321

  -1.1664
   1.3876
  -0.7080

  -1.1045
   1.3853
  -0.6831

  -1.0440
   1.3765
  -0.6573

  -0.9856
   1.3614
  -0.6308

  -0.9300
   1.3402
  -0.6035

  -0.8778
   1.3133
  -0.5755

  -0.8297
   1.2811
  -0.5467

  -0.7863
   1.2442
  -0.5174

  -0.7480
   1.2032
  -0.4874

  -0.7153
   1.1586
  -0.4568

  -0.6887
   1.1111
  -0.4256

  -0.6683
   1.0614
  -0.3940

  -0.6543
   1.0104
  -0.3619

  -0.6470
   0.9586
  -0.3293

  -0.6463
   0.9070
  -0.2964

  -0.6521
   0.8561
  -0.2631

  -0.6644
   0.8070
  -0.2294

  -0.6829
   0.7601
  -0.1955

  -0.7072
   0.7163
  -0.1614

  -0.7370
   0.6762
  -0.1271

  -0.7719
   0.6403
  -0.0926

  -0.8112
   0.6094
  -0.0580

  -0.8545
   0.5838
  -0.0233

  -0.9009
   0.5639
   0.0114

  -0.9500
   0.5501
   0.0461

  -1.0009
   0.5427
   0.0807

  -1.0529
   0.5419
   0.1152

  -1.1053
   0.5476
   0.1496

  -1.1572
   0.5599
   0.1838

  -1.2079
   0.5788
   0.2178

  -1.2567
   0.6041
   0.2515

  -1.3029
   0.6354
   0.2850

  -1.3457
   0.6724
   0.3180

  -1.3846
   0.7148
   0.3507

  -1.4189
   0.7621
   0.3830

  -1.4480
   0.8136
   0.4148

  -1.4717
   0.8688
   0.4461

  -1.4893
   0.9269
   0.4769

  -1.5008
   0.9875
   0.5071

  -1.5057
   1.0496
   0.5367

  -1.5040
   1.1125
   0.5657

  -1.4956
   1.1755
   0.5939

  -1.4806
   1.2377
   0.6215

  -1.4591
   1.2986
   0.6483

  -1.4312
   1.3572
   0.6743

  -1.3973
   1.4129
   0.6995

  -1.3578
   1.4651
   0.7239

  -1.3130
   1.5130
   0.7474

  -1.2635
   1.5562
   0.7700

  -1.2099
   1.5941
   0.7917

  -1.1528
   1.6263
   0.8124

  -1.0929
   1.6525
   0.8321

  -1.0309
   1.6722
   0.8509

  -0.9675
   1.6855
   0.8686

  -0.9035
   1.6920
   0.8852

  -0.8397
   1.6919
   0.9008

  -0.7768
   1.6852
   0.9154

  -0.7155
   1.6720
   0.9288

  -0.6566
   1.6525
   0.9411

  -0.6009
   1.6272
   0.9522

  -0.5489
   1.5963
   0.9623

  -0.5012
   1.5604
   0.9711

  -0.4585
   1.5200
   0.9788

  -0.4211
   1.4757
   0.9853

  -0.3895
   1.4281
   0.9907

  -0.3641
   1.3779
   0.9948

  -0.3450
   1.3259
   0.9977

  -0.3325
   1.2727
   0.9995

  -0.3266
   1.2193
   1.0000

  -0.3273
   1.1662
   0.9993

  -0.3345
   1.1144
   0.9975

  -0.3481
   1.0644
   0.9944

  -0.3678
   1.0171
   0.9901

  -0.3931
   0.9731
   0.9846

  -0.4238
   0.9331
   0.9780

  -0.4593
   0.8977
   0.9702

