0.05	100
   1.0000
        0
   1.0000

   1.0000
   0.0500
   1.0000

   1.0066
   0.1000
   0.9988

   1.0199
   0.1492
   0.9964

   1.0396
   0.1969
   0.9928

   1.0658
   0.2423
   0.9880

   1.0980
   0.2847
   0.9820

   1.1360
   0.3234
   0.9748

   1.1792
   0.3576
   0.9664

   1.2273
   0.3868
   0.9568

   1.2797
   0.4105
   0.9461

   1.3356
   0.4281
   0.9343

   1.3944
   0.4392
   0.9213

   1.4553
   0.4435
   0.9071

   1.5176
   0.4407
   0.8919

   1.5804
   0.4307
   0.8756

   1.6429
   0.4134
   0.8582

   1.7043
   0.3888
   0.8397

   1.7638
   0.3571
   0.8202

   1.8204
   0.3184
   0.7997

   1.8735
   0.2732
   0.7782

   1.9222
   0.2217
   0.7558

   1.9658
   0.1646
   0.7324

   2.0037
   0.1023
   0.7081

   2.0353
   0.0356
   0.6829

   2.0601
  -0.0349
   0.6569

   2.0776
  -0.1083
   0.6300

   2.0875
  -0.1839
   0.6024

   2.0895
  -0.2607
   0.5740

   2.0836
  -0.3379
   0.5448

   2.0696
  -0.4145
   0.5150

   2.0477
  -0.4897
   0.4845

   2.0180
  -0.5624
   0.4534

   1.9807
  -0.6319
   0.4217

   1.9363
  -0.6972
   0.3895

   1.8852
  -0.7576
   0.3568

   1.8280
  -0.8122
   0.3236

   1.7654
  -0.8604
   0.2899

   1.6981
  -0.9015
   0.2559

   1.6269
  -0.9351
   0.2216

   1.5526
  -0.9606
   0.1869

   1.4763
  -0.9778
   0.1519

   1.3989
  -0.9863
   0.1168

   1.3213
  -0.9861
   0.0814

   1.2445
  -0.9772
   0.0459

   1.1697
  -0.9596
   0.0103

   1.0977
  -0.9336
  -0.0253

   1.0295
  -0.8995
  -0.0610

   0.9661
  -0.8577
  -0.0966

   0.9084
  -0.8089
  -0.1322

   0.8571
  -0.7536
  -0.1676

   0.8130
  -0.6927
  -0.2029

   0.7768
  -0.6268
  -0.2380

   0.7490
  -0.5571
  -0.2728

   0.7300
  -0.4844
  -0.3074

   0.7203
  -0.4097
  -0.3416

   0.7199
  -0.3341
  -0.3754

   0.7292
  -0.2588
  -0.4089

   0.7479
  -0.1847
  -0.4419

   0.7759
  -0.1131
  -0.4743

   0.8131
  -0.0450
  -0.5063

   0.8589
   0.0186
  -0.5377

   0.9129
   0.0767
  -0.5685

   0.9743
   0.1282
  -0.5986

   1.0426
   0.1725
  -0.6281

   1.1167
   0.2085
  -0.6568

   1.1958
   0.2358
  -0.6848

   1.2789
   0.2537
  -0.7119

   1.3648
   0.2617
  -0.7383

   1.4525
   0.2595
  -0.7638

   1.5407
   0.2469
  -0.7884

   1.6283
   0.2238
  -0.8121

   1.7140
   0.1904
  -0.8349

   1.7967
   0.1468
  -0.8566

   1.8751
   0.0933
  -0.8774

   1.9482
   0.0305
  -0.8971

   2.0149
  -0.0411
  -0.9158

   2.0742
  -0.1207
  -0.9334

   2.1250
  -0.2074
  -0.9499

   2.1667
  -0.3004
  -0.9652

   2.1984
  -0.3985
  -0.9795

   2.2197
  -0.5005
  -0.9925

   2.2300
  -0.6054
  -1.0044

   2.2290
  -0.7118
  -1.0151

   2.2165
  -0.8185
  -1.0246

   2.1925
  -0.9241
  -1.0328

   2.1572
  -1.0273
  -1.0398

   2.1107
  -1.1268
  -1.0456

   2.0536
  -1.2213
  -1.0502

   1.9863
  -1.3096
  -1.0534

   1.9097
  -1.3906
  -1.0554

   1.8245
  -1.4631
  -1.0562

   1.7317
  -1.5262
  -1.0556

   1.6325
  -1.5790
  -1.0538

   1.5279
  -1.6208
  -1.0507

   1.4192
  -1.6510
  -1.0464

   1.3079
  -1.6690
  -1.0408

   1.1952
  -1.6746
  -1.0339

   1.0827
  -1.6677
  -1.0258

   0.9717
  -1.6482
  -1.0164

   0.8637
  -1.6164
  -1.0058

   0.7601
  -1.5726
  -0.9940

   0.6623
  -1.5172
  -0.9810

   0.5716
  -1.4511
  -0.9667

   0.4893
  -1.3749
  -0.9513

   0.4165
  -1.2897
  -0.9347

   0.3543
  -1.1965
  -0.9170

   0.3035
  -1.0967
  -0.8981

   0.2650
  -0.9914
  -0.8782

   0.2393
  -0.8822
  -0.8572

   0.2269
  -0.7705
  -0.8351

   0.2282
  -0.6578
  -0.8119

   0.2431
  -0.5457
  -0.7878

   0.2716
  -0.4359
  -0.7627

   0.3135
  -0.3298
  -0.7366

   0.3684
  -0.2289
  -0.7097

   0.4356
  -0.1349
  -0.6818

   0.5143
  -0.0492
  -0.6531

   0.6036
   0.0270
  -0.6236

   0.7024
   0.0925
  -0.5932

   0.8095
   0.1460
  -0.5622

   0.9234
   0.1868
  -0.5304

   1.0427
   0.2138
  -0.4979

   1.1658
   0.2267
  -0.4648

   1.2911
   0.2248
  -0.4311

   1.4169
   0.2081
  -0.3968

   1.5414
   0.1763
  -0.3621

   1.6630
   0.1296
  -0.3268

   1.7798
   0.0684
  -0.2911

   1.8903
  -0.0068
  -0.2550

   1.9928
  -0.0952
  -0.2186

   2.0858
  -0.1960
  -0.1818

   2.1679
  -0.3081
  -0.1448

   2.2377
  -0.4301
  -0.1076

   2.2942
  -0.5608
  -0.0702

   2.3363
  -0.6985
  -0.0327

   2.3631
  -0.8416
   0.0049

   2.3742
  -0.9883
   0.0426

   2.3690
  -1.1369
   0.0802

   2.3473
  -1.2855
   0.1178

   2.3092
  -1.4321
   0.1553

   2.2549
  -1.5749
   0.1927

   2.1847
  -1.7120
   0.2299

   2.0994
  -1.8417
   0.2668

   1.9998
  -1.9621
   0.3035

   1.8870
  -2.0716
   0.3398

   1.7621
  -2.1687
   0.3758

   1.6268
  -2.2521
   0.4114

   1.4824
  -2.3204
   0.4465

   1.3308
  -2.3727
   0.4811

   1.1738
  -2.4082
   0.5152

   1.0134
  -2.4262
   0.5487

   0.8514
  -2.4263
   0.5816

   0.6901
  -2.4084
   0.6138

   0.5314
  -2.3725
   0.6453

   0.3775
  -2.3190
   0.6761

   0.2303
  -2.2484
   0.7061

   0.0919
  -2.1614
   0.7353

  -0.0359
  -2.0592
   0.7636

  -0.1514
  -1.9428
   0.7911

  -0.2529
  -1.8138
   0.8176

  -0.3389
  -1.6738
   0.8432

  -0.4082
  -1.5244
   0.8678

  -0.4598
  -1.3678
   0.8914

  -0.4927
  -1.2058
   0.9140

  -0.5064
  -1.0407
   0.9354

  -0.5006
  -0.8747
   0.9558

  -0.4750
  -0.7100
   0.9750

  -0.4300
  -0.5489
   0.9931

  -0.3658
  -0.3937
   1.0100

  -0.2832
  -0.2465
   1.0258

  -0.1831
  -0.1095
   1.0403

  -0.0667
   0.0153
   1.0535

   0.0647
   0.1260
   1.0656

   0.2093
   0.2209
   1.0763

   0.3654
   0.2985
   1.0858

   0.5309
   0.3574
   1.0939

   0.7038
   0.3965
   1.1008

   0.8817
   0.4151
   1.1064

   1.0623
   0.4125
   1.1106

   1.2431
   0.3884
   1.1135

   1.4216
   0.3428
   1.1150

   1.5954
   0.2759
   1.1152

   1.7619
   0.1883
   1.1141

   1.9189
   0.0808
   1.1116

   2.0640
  -0.0454
   1.1078

   2.1951
  -0.1891
   1.1027

   2.3101
  -0.3486
   1.0962

   2.4073
  -0.5221
   1.0884

   2.4849
  -0.7074
   1.0792

   2.5417
  -0.9024
   1.0688

   2.5765
  -1.1047
   1.0570

   2.5885
  -1.3117
   1.0440

   2.5771
  -1.5208
   1.0297

   2.5420
  -1.7294
   1.0142

   2.4835
  -1.9346
   0.9974

   2.4017
  -2.1338
   0.9793

   2.2975
  -2.3244
   0.9601

   2.1717
  -2.5037
   0.9397

   2.0258
  -2.6692
   0.9182

   1.8612
  -2.8187
   0.8955

   1.6799
  -2.9500
   0.8717

   1.4839
  -3.0611
   0.8468

   1.2755
  -3.1505
   0.8209

   1.0573
  -3.2165
   0.7940

   0.8318
  -3.2582
   0.7660

   0.6020
  -3.2747
   0.7371

   0.3707
  -3.2655
   0.7073

   0.1409
  -3.2304
   0.6767

  -0.0845
  -3.1696
   0.6451

  -0.3025
  -3.0836
   0.6127

  -0.5102
  -2.9733
   0.5796

  -0.7048
  -2.8399
   0.5457

  -0.8836
  -2.6848
   0.5112

  -1.0442
  -2.5098
   0.4759

  -1.1842
  -2.3172
   0.4401

  -1.3017
  -2.1092
   0.4037

  -1.3949
  -1.8885
   0.3667

  -1.4622
  -1.6578
   0.3293

  -1.5027
  -1.4202
   0.2914

  -1.5154
  -1.1786
   0.2532

  -1.4999
  -0.9364
   0.2145

  -1.4562
  -0.6968
   0.1756

  -1.3845
  -0.4630
   0.1364

  -1.2856
  -0.2383
   0.0970

  -1.1604
  -0.0257
   0.0575

  -1.0105
   0.1717
   0.0178

  -0.8374
   0.3509
  -0.0219

  -0.6434
   0.5095
  -0.0617

  -0.4308
   0.6449
  -0.1015

  -0.2023
   0.7550
  -0.1411

   0.0392
   0.8380
  -0.1807

   0.2906
   0.8924
  -0.2200

   0.5485
   0.9170
  -0.2592

   0.8096
   0.9111
  -0.2981

   1.0703
   0.8744
  -0.3367

   1.3271
   0.8067
  -0.3749

   1.5763
   0.7087
  -0.4127

   1.8146
   0.5812
  -0.4501

   2.0385
   0.4254
  -0.4869

   2.2447
   0.2430
  -0.5233

   2.4301
   0.0361
  -0.5590

   2.5920
  -0.1930
  -0.5941

   2.7278
  -0.4417
  -0.6285

   2.8353
  -0.7067
  -0.6623

   2.9124
  -0.9850
  -0.6952

   2.9578
  -1.2730
  -0.7274

   2.9702
  -1.5670
  -0.7587

   2.9490
  -1.8633
  -0.7892

   2.8939
  -2.1580
  -0.8187

   2.8052
  -2.4472
  -0.8473

   2.6833
  -2.7270
  -0.8749

   2.5295
  -2.9936
  -0.9015

   2.3452
  -3.2433
  -0.9270

   2.1323
  -3.4726
  -0.9515

   1.8933
  -3.6783
  -0.9748

   1.6307
  -3.8572
  -0.9970

   1.3478
  -4.0068
  -1.0180

   1.0478
  -4.1247
  -1.0378

   0.7345
  -4.2088
  -1.0564

   0.4116
  -4.2577
  -1.0737

   0.0834
  -4.2702
  -1.0898

  -0.2462
  -4.2458
  -1.1046

  -0.5728
  -4.1843
  -1.1180

  -0.8921
  -4.0861
  -1.1302

  -1.1999
  -3.9519
  -1.1410

  -1.4921
  -3.7831
  -1.1504

  -1.7647
  -3.5815
  -1.1584

  -2.0139
  -3.3494
  -1.1651

  -2.2363
  -3.0894
  -1.1704

  -2.4285
  -2.8047
  -1.1742

  -2.5879
  -2.4987
  -1.1767

  -2.7118
  -2.1752
  -1.1777

  -2.7984
  -1.8383
  -1.1774

  -2.8460
  -1.4922
  -1.1756

  -2.8537
  -1.1416
  -1.1724

  -2.8208
  -0.7909
  -1.1677

  -2.7475
  -0.4448
  -1.1617

  -2.6342
  -0.1081
  -1.1543

  -2.4820
   0.2147
  -1.1454

  -2.2925
   0.5192
  -1.1352

  -2.0679
   0.8009
  -1.1236

  -1.8107
   1.0560
  -1.1106

  -1.5241
   1.2805
  -1.0963

  -1.2115
   1.4712
  -1.0806

  -0.8769
   1.6250
  -1.0636

  -0.5245
   1.7394
  -1.0454

  -0.1588
   1.8124
  -1.0258

   0.2153
   1.8424
  -1.0050

   0.5930
   1.8285
  -0.9829

   0.9690
   1.7702
  -0.9596

   1.3385
   1.6677
  -0.9352

   1.6961
   1.5218
  -0.9096

   2.0370
   1.3338
  -0.8829

   2.3564
   1.1058
  -0.8550

   2.6494
   0.8400
  -0.8261

   2.9119
   0.5397
  -0.7962

   3.1399
   0.2083
  -0.7653

   3.3297
  -0.1503
  -0.7334

   3.4782
  -0.5315
  -0.7006

   3.5828
  -0.9308
  -0.6670

   3.6415
  -1.3429
  -0.6324

   3.6526
  -1.7627
  -0.5971

   3.6155
  -2.1846
  -0.5610

   3.5297
  -2.6031
  -0.5242

   3.3958
  -3.0127
  -0.4867

   3.2146
  -3.4076
  -0.4486

   2.9880
  -3.7826
  -0.4099

   2.7181
  -4.1323
  -0.3707

   2.4080
  -4.4518
  -0.3310

   2.0610
  -4.7365
  -0.2908

   1.6812
  -4.9820
  -0.2502

   1.2731
  -5.1847
  -0.2093

   0.8415
  -5.3413
  -0.1681

   0.3919
  -5.4490
  -0.1266

  -0.0701
  -5.5058
  -0.0849

  -0.5388
  -5.5103
  -0.0431

  -1.0080
  -5.4616
  -0.0011

  -1.4717
  -5.3598
   0.0408

  -1.9238
  -5.2054
   0.0828

  -2.3582
  -4.9999
   0.1248

  -2.7689
  -4.7452
   0.1666

  -3.1505
  -4.4440
   0.2083

  -3.4974
  -4.0998
   0.2498

  -3.8048
  -3.7165
   0.2910

  -4.0682
  -3.2986
   0.3320

  -4.2835
  -2.8513
   0.3726

  -4.4474
  -2.3800
   0.4127

  -4.5572
  -1.8907
   0.4525

  -4.6107
  -1.3896
   0.4917

  -4.6067
  -0.8832
   0.5304

  -4.5445
  -0.3782
   0.5685

  -4.4242
   0.1189
   0.6060

  -4.2468
   0.6012
   0.6428

  -4.0141
   1.0623
   0.6788

  -3.7284
   1.4956
   0.7141

  -3.3929
   1.8953
   0.7486

  -3.0115
   2.2554
   0.7822

  -2.5889
   2.5708
   0.8149

  -2.1301
   2.8366
   0.8466

  -1.6408
   3.0488
   0.8774

  -1.1273
   3.2038
   0.9072

  -0.5961
   3.2987
   0.9359

  -0.0541
   3.3317
   0.9635

   0.4914
   3.3014
   0.9900

   1.0333
   3.2074
   1.0153

   1.5641
   3.0502
   1.0394

   2.0767
   2.8310
   1.0623

   2.5638
   2.5519
   1.0840

   3.0185
   2.2159
   1.1044

   3.4344
   1.8266
   1.1234

   3.8052
   1.3887
   1.1412

   4.1253
   0.9072
   1.1576

   4.3898
   0.3880
   1.1726

   4.5942
  -0.1625
   1.1862

   4.7350
  -0.7374
   1.1984

   4.8094
  -1.3293
   1.2092

   4.8153
  -1.9306
   1.2186

   4.7518
  -2.5335
   1.2264

   4.6186
  -3.1298
   1.2329

   4.4164
  -3.7116
   1.2378

   4.1470
  -4.2710
   1.2413

   3.8129
  -4.8002
   1.2432

   3.4176
  -5.2917
   1.2437

   2.9654
  -5.7386
   1.2427

   2.4614
  -6.1341
   1.2402

   1.9116
  -6.4725
   1.2361

   1.3226
  -6.7483
   1.2306

   0.7015
  -6.9572
   1.2236

   0.0561
  -7.0953
   1.2152

  -0.6055
  -7.1599
   1.2052

  -1.2749
  -7.1492
   1.1938

  -1.9434
  -7.0621
   1.1809

  -2.6021
  -6.8989
   1.1666

  -3.2424
  -6.6606
   1.1509

  -3.8555
  -6.3494
   1.1338

  -4.4332
  -5.9684
   1.1153

  -4.9672
  -5.5217
   1.0954

  -5.4502
  -5.0142
   1.0742

  -5.8751
  -4.4520
   1.0516

  -6.2355
  -3.8416
   1.0278

  -6.5260
  -3.1905
   1.0027

  -6.7419
  -2.5067
   0.9763

  -6.8794
  -1.7989
   0.9488

  -6.9357
  -1.0760
   0.9201

  -6.9092
  -0.3475
   0.8902

  -6.7991
   0.3773
   0.8592

  -6.6059
   1.0885
   0.8272

  -6.3312
   1.7768
   0.7941

  -5.9776
   2.4326
   0.7600

  -5.5488
   3.0469
   0.7250

  -5.0497
   3.6111
   0.6891

  -4.4860
   4.1170
   0.6523

  -3.8645
   4.5572
   0.6146

  -3.1926
   4.9251
   0.5762

  -2.4788
   5.2148
   0.5370

  -1.7320
   5.4216
   0.4971

  -0.9619
   5.5415
   0.4566

  -0.1783
   5.5721
   0.4155

   0.6084
   5.5116
   0.3739

   1.3877
   5.3598
   0.3317

   2.1490
   5.1175
   0.2891

   2.8821
   4.7867
   0.2461

   3.5766
   4.3708
   0.2027

   4.2227
   3.8742
   0.1591

   4.8113
   3.3023
   0.1152

   5.3335
   2.6620
   0.0711

   5.7816
   1.9608
   0.0269

   6.1484
   1.2072
  -0.0175

   6.4280
   0.4107
  -0.0618

   6.6154
  -0.4188
  -0.1061

   6.7068
  -1.2706
  -0.1504

   6.6996
  -2.1336
  -0.1945

   6.5926
  -2.9966
  -0.2384

   6.3857
  -3.8479
  -0.2821

   6.0803
  -4.6761
  -0.3256

   5.6790
  -5.4699
  -0.3686

   5.1858
  -6.2182
  -0.4113

   4.6060
  -6.9104
  -0.4536

   3.9459
  -7.5366
  -0.4953

   3.2132
  -8.0874
  -0.5365

   2.4166
  -8.5546
  -0.5771

   1.5657
  -8.9307
  -0.6171

   0.6709
  -9.2096
  -0.6564

  -0.2564
  -9.3861
  -0.6949

  -1.2047
  -9.4565
  -0.7326

  -2.1615
  -9.4184
  -0.7695

  -3.1145
  -9.2707
  -0.8055

  -4.0510
  -9.0141
  -0.8406

  -4.9585
  -8.6502
  -0.8747

  -5.8246
  -8.1826
  -0.9078

  -6.6375
  -7.6158
  -0.9399

  -7.3855
  -6.9562
  -0.9709

  -8.0582
  -6.2110
  -1.0007

  -8.6456
  -5.3891
  -1.0294

  -9.1389
  -4.5001
  -1.0568

  -9.5304
  -3.5551
  -1.0830

  -9.8136
  -2.5656
  -1.1080

  -9.9834
  -1.5442
  -1.1316

  -10.0362
   -0.5038
   -1.1539

  -9.9697
   0.5419
  -1.1749

  -9.7834
   1.5794
  -1.1944

  -9.4781
   2.5948
  -1.2126

  -9.0565
   3.5743
  -1.2293

  -8.5227
   4.5047
  -1.2445

  -7.8824
   5.3729
  -1.2583

  -7.1426
   6.1668
  -1.2705

  -6.3120
   6.8748
  -1.2813

  -5.4005
   7.4866
  -1.2905

  -4.4191
   7.9927
  -1.2982

  -3.3801
   8.3852
  -1.3043

  -2.2964
   8.6575
  -1.3089

  -1.1820
   8.8043
  -1.3118

  -0.0513
   8.8222
  -1.3133

   1.0808
   8.7092
  -1.3131

   2.1993
   8.4653
  -1.3114

   3.2891
   8.0919
  -1.3080

   4.3353
   7.5924
  -1.3031

   5.3233
   6.9719
  -1.2966

   6.2392
   6.2370
  -1.2886

   7.0698
   5.3960
  -1.2790

   7.8030
   4.4588
  -1.2678

   8.4276
   3.4365
  -1.2551

   8.9338
   2.3417
  -1.2409

   9.3132
   1.1881
  -1.2252

   9.5592
  -0.0098
  -1.2079

   9.6666
  -1.2366
  -1.1892

   9.6320
  -2.4763
  -1.1691

   9.4539
  -3.7126
  -1.1475

   9.1329
  -4.9290
  -1.1245

   8.6711
  -6.1090
  -1.1001

   8.0727
  -7.2363
  -1.0743

   7.3438
  -8.2953
  -1.0473

   6.4923
  -9.2708
  -1.0189

    5.5278
  -10.1489
   -0.9893

    4.4615
  -10.9164
   -0.9585

    3.3061
  -11.5616
   -0.9264

    2.0757
  -12.0744
   -0.8933

    0.7856
  -12.4459
   -0.8590

   -0.5480
  -12.6694
   -0.8236

   -1.9081
  -12.7399
   -0.7872

   -3.2769
  -12.6542
   -0.7498

   -4.6366
  -12.4114
   -0.7114

   -5.9691
  -12.0125
   -0.6722

   -7.2563
  -11.4607
   -0.6321

   -8.4806
  -10.7611
   -0.5911

  -9.6252
  -9.9211
  -0.5495

  -10.6736
   -8.9497
   -0.5071

  -11.6110
   -7.8581
   -0.4640

  -12.4233
   -6.6590
   -0.4204

  -13.0983
   -5.3669
   -0.3761

  -13.6252
   -3.9975
   -0.3314

  -13.9951
   -2.5679
   -0.2862

  -14.2011
   -1.0961
   -0.2406

  -14.2383
    0.3988
   -0.1947

  -14.1041
    1.8977
   -0.1485

  -13.7981
    3.3805
   -0.1021

  -13.3220
    4.8277
   -0.0554

  -12.6800
    6.2196
   -0.0087

  -11.8784
    7.5371
    0.0381

  -10.9258
    8.7619
    0.0850

  -9.8330
   9.8765
   0.1317

   -8.6125
   10.8649
    0.1784

   -7.2790
   11.7122
    0.2249

   -5.8486
   12.4055
    0.2712

   -4.3392
   12.9337
    0.3173

   -2.7697
   13.2876
    0.3630

   -1.1602
   13.4604
    0.4083

    0.4685
   13.4474
    0.4532

    2.0949
   13.2464
    0.4976

    3.6973
   12.8577
    0.5415

    5.2543
   12.2841
    0.5847

    6.7444
   11.5307
    0.6273

    8.1469
   10.6054
    0.6692

   9.4421
   9.5182
   0.7103

   10.6114
    8.2814
    0.7507

   11.6374
    6.9095
    0.7902

   12.5046
    5.4192
    0.8287

   13.1995
    3.8286
    0.8664

   13.7103
    2.1575
    0.9030

   14.0280
    0.4273
    0.9386

   14.1456
   -1.3398
    0.9731

   14.0589
   -3.1208
    1.0064

   13.7662
   -4.8923
    1.0386

   13.2688
   -6.6303
    1.0696

   12.5704
   -8.3114
    1.0994

   11.6777
   -9.9125
    1.1278

   10.5997
  -11.4110
    1.1549

    9.3484
  -12.7858
    1.1807

    7.9379
  -14.0168
    1.2051

    6.3848
  -15.0856
    1.2280

    4.7079
  -15.9759
    1.2495

    2.9276
  -16.6735
    1.2695

    1.0662
  -17.1663
    1.2881

   -0.8528
  -17.4450
    1.3051

   -2.8047
  -17.5031
    1.3205

   -4.7641
  -17.3366
    1.3344

   -6.7052
  -16.9448
    1.3467

   -8.6019
  -16.3298
    1.3573

  -10.4287
  -15.4966
    1.3664

  -12.1603
  -14.4533
    1.3738

  -13.7726
  -13.2108
    1.3796

  -15.2426
  -11.7830
    1.3837

  -16.5491
  -10.1861
    1.3861

  -17.6724
   -8.4391
    1.3869

  -18.5954
   -6.5629
    1.3861

  -19.3032
   -4.5807
    1.3835

  -19.7835
   -2.5173
    1.3793

  -20.0270
   -0.3987
    1.3734

  -20.0274
    1.7476
    1.3659

  -19.7814
    3.8937
    1.3567

  -19.2891
    6.0113
    1.3458

  -18.5538
    8.0719
    1.3334

  -17.5820
   10.0477
    1.3193

  -16.3836
   11.9113
    1.3036

  -14.9713
   13.6367
    1.2863

  -13.3612
   15.1992
    1.2674

  -11.5720
   16.5761
    1.2470

   -9.6251
   17.7467
    1.2251

   -7.5442
   18.6929
    1.2017

   -5.3551
   19.3993
    1.1768

   -3.0856
   19.8534
    1.1504

   -0.7646
   20.0459
    1.1227

    1.5776
   19.9710
    1.0935

    3.9104
   19.6262
    1.0630

    6.2027
   19.0125
    1.0312

    8.4234
   18.1347
    0.9981

   10.5422
   17.0010
    0.9637

   12.5295
   15.6231
    0.9282

   14.3573
   14.0162
    0.8915

   15.9992
   12.1986
    0.8537

   17.4310
   10.1918
    0.8148

   18.6307
    8.0200
    0.7748

   19.5795
    5.7099
    0.7339

   20.2614
    3.2904
    0.6921

   20.6638
    0.7922
    0.6494

   20.7776
   -1.7524
    0.6058

   20.5975
   -4.3103
    0.5615

   20.1220
   -6.8475
    0.5164

   19.3534
   -9.3301
    0.4707

   18.2980
  -11.7243
    0.4243

   16.9661
  -13.9970
    0.3774

   15.3716
  -16.1165
    0.3299

   13.5321
  -18.0524
    0.2820

   11.4688
  -19.7765
    0.2338

    9.2061
  -21.2631
    0.1851

    6.7713
  -22.4892
    0.1362

    4.1944
  -23.4350
    0.0871

    1.5078
  -24.0841
    0.0378

   -1.2545
  -24.4238
   -0.0116

   -4.0567
  -24.4455
   -0.0611

   -6.8623
  -24.1446
   -0.1105

   -9.6342
  -23.5206
   -0.1599

  -12.3350
  -22.5774
   -0.2091

  -14.9281
  -21.3232
   -0.2581

  -17.3776
  -19.7704
   -0.3069

  -19.6492
  -17.9356
   -0.3554

  -21.7103
  -15.8392
   -0.4035

  -23.5309
  -13.5054
   -0.4512

  -25.0836
  -10.9620
   -0.4984

  -26.3442
   -8.2398
   -0.5450

  -27.2922
   -5.3725
   -0.5911

  -27.9109
   -2.3959
   -0.6365

  -28.1877
    0.6518
   -0.6811

  -28.1143
    3.7315
   -0.7251

  -27.6871
    6.8027
   -0.7682

  -26.9071
    9.8248
   -0.8104

  -25.7800
   12.7570
   -0.8517

  -24.3161
   15.5595
   -0.8920

  -22.5302
   18.1933
   -0.9313

  -20.4419
   20.6216
   -0.9695

  -18.0749
   22.8094
   -1.0066

  -15.4567
   24.7246
   -1.0425

  -12.6189
   26.3384
   -1.0773

   -9.5961
   27.6254
   -1.1107

   -6.4259
   28.5644
   -1.1429

   -3.1485
   29.1383
   -1.1737

    0.1942
   29.3348
   -1.2032

    3.5586
   29.1465
   -1.2312

    6.9005
   28.5708
   -1.2578

   10.1751
   27.6102
   -1.2829

   13.3384
   26.2727
   -1.3065

   16.3467
   24.5709
   -1.3286

   19.1581
   22.5228
   -1.3491

   21.7328
   20.1510
   -1.3680

   24.0336
   17.4828
   -1.3852

   26.0261
   14.5498
   -1.4008

   27.6801
   11.3873
   -1.4148

   28.9690
    8.0346
   -1.4270

   29.8708
    4.5335
   -1.4376

   30.3687
    0.9286
   -1.4464

   30.4505
   -2.7334
   -1.4535

   30.1097
   -6.4048
   -1.4589

   29.3453
  -10.0367
   -1.4625

   28.1617
  -13.5805
   -1.4643

   26.5692
  -16.9878
   -1.4644

   24.5834
  -20.2116
   -1.4628

   22.2255
  -23.2066
   -1.4593

   19.5219
  -25.9298
   -1.4541

   16.5037
  -28.3415
   -1.4472

   13.2070
  -30.4055
   -1.4385

    9.6717
  -32.0896
   -1.4281

    5.9416
  -33.3664
   -1.4159

    2.0636
  -34.2135
   -1.4020

   -1.9128
  -34.6138
   -1.3864

   -5.9361
  -34.5559
   -1.3691

   -9.9536
  -34.0346
   -1.3502

  -13.9119
  -33.0503
   -1.3296

  -17.7578
  -31.6100
   -1.3073

  -21.4386
  -29.7266
   -1.2835

  -24.9033
  -27.4191
   -1.2581

  -28.1032
  -24.7124
   -1.2312

  -30.9921
  -21.6369
   -1.2027

  -33.5278
  -18.2285
   -1.1727

  -35.6717
  -14.5279
   -1.1414

  -37.3903
  -10.5801
   -1.1086

  -38.6552
   -6.4342
   -1.0744

  -39.4434
   -2.1423
   -1.0389

  -39.7381
    2.2405
   -1.0021

  -39.5290
    6.6576
   -0.9640

  -38.8120
   11.0508
   -0.9247

  -37.5899
   15.3617
   -0.8843

  -35.8722
   19.5321
   -0.8428

  -33.6750
   23.5050
   -0.8002

  -31.0211
   27.2251
   -0.7566

  -27.9396
   30.6399
   -0.7120

  -24.4657
   33.7001
   -0.6665

  -20.6402
   36.3605
   -0.6201

  -16.5091
   38.5806
   -0.5730

  -12.1232
   40.3253
   -0.5251

   -7.5372
   41.5651
   -0.4765

   -2.8092
   42.2772
   -0.4273

    2.0000
   42.4450
   -0.3775

    6.8277
   42.0594
   -0.3272

   11.6101
   41.1180
   -0.2764

   16.2834
   39.6262
   -0.2253

   20.7840
   37.5966
   -0.1738

   25.0501
   35.0490
   -0.1220

   29.0220
   32.0104
   -0.0701

   32.6432
   28.5147
   -0.0179

   35.8610
   24.6024
    0.0343

   38.6274
   20.3198
    0.0865

   40.8999
   15.7190
    0.1387

   42.6416
   10.8568
    0.1907

   43.8227
    5.7944
    0.2426

   44.4200
    0.5963
    0.2943

   44.4178
   -4.6701
    0.3457

   43.8084
   -9.9360
    0.3967

   42.5917
  -15.1313
    0.4474

   40.7759
  -20.1861
    0.4975

   38.3773
  -25.0314
    0.5471

   35.4198
  -29.6000
    0.5961

   31.9354
  -33.8277
    0.6444

   27.9634
  -37.6538
    0.6921

   23.5500
  -41.0220
    0.7389

   18.7479
  -43.8815
    0.7849

   13.6157
  -46.1876
    0.8301

    8.2172
  -47.9023
    0.8742

    2.6204
  -48.9948
    0.9174

   -3.1029
  -49.4424
    0.9595

   -8.8785
  -49.2304
    1.0006

  -14.6305
  -48.3528
    1.0404

  -20.2822
  -46.8124
    1.0791

  -25.7572
  -44.6208
    1.1165

  -30.9806
  -41.7981
    1.1526

  -35.8797
  -38.3735
    1.1874

  -40.3851
  -34.3842
    1.2208

  -44.4319
  -29.8756
    1.2527

  -47.9602
  -24.9005
    1.2832

  -50.9163
  -19.5186
    1.3122

  -53.2533
  -13.7959
    1.3396

  -54.9320
   -7.8035
    1.3655

  -55.9213
   -1.6173
    1.3897

  -56.1990
    4.6833
    1.4123

  -55.7517
   11.0163
    1.4332

  -54.5759
   17.2983
    1.4524

  -52.6774
   23.4454
    1.4699

  -50.0716
   29.3743
    1.4857

  -46.7838
   35.0036
    1.4997

  -42.8484
   40.2548
    1.5118

  -38.3089
   45.0533
    1.5222

  -33.2176
   49.3295
    1.5308

  -27.6345
   53.0199
    1.5375

  -21.6271
   56.0678
    1.5424

  -15.2695
   58.4244
    1.5454

   -8.6411
   60.0494
    1.5466

   -1.8263
   60.9115
    1.5459

    5.0871
   60.9893
    1.5434

   12.0088
   60.2715
    1.5390

   18.8471
   58.7571
    1.5327

   25.5104
   56.4558
    1.5246

   31.9079
   53.3876
    1.5146

   37.9514
   49.5832
    1.5028

   43.5560
   45.0833
    1.4892

   48.6418
   39.9386
    1.4738

   53.1345
   34.2087
    1.4566

   56.9665
   27.9620
    1.4376

   60.0786
   21.2745
    1.4168

   62.4198
   14.2292
    1.3943

   63.9490
    6.9148
    1.3702

   64.6352
   -0.5751
    1.3443

   64.4581
   -8.1434
    1.3168

   63.4089
  -15.6908
    1.2876

   61.4898
  -23.1167
    1.2569

   58.7148
  -30.3211
    1.2247

   55.1096
  -37.2053
    1.1909

   50.7108
  -43.6737
    1.1556

   45.5666
  -49.6349
    1.1189

   39.7352
  -55.0031
    1.0808

   33.2849
  -59.6991
    1.0414

   26.2932
  -63.6517
    1.0007

   18.8456
  -66.7985
    0.9587

   11.0351
  -69.0871
    0.9155

    2.9604
  -70.4755
    0.8712

   -5.2748
  -70.9333
    0.8257

  -13.5634
  -70.4422
    0.7792

  -21.7960
  -68.9959
    0.7318

  -29.8627
  -66.6009
    0.6833

  -37.6541
  -63.2762
    0.6340

  -45.0633
  -59.0536
    0.5839

  -51.9867
  -53.9772
    0.5330

  -58.3262
  -48.1027
    0.4814

  -63.9897
  -41.4976
    0.4292

  -68.8931
  -34.2395
    0.3763

  -72.9612
  -26.4162
    0.3230

  -76.1290
  -18.1236
    0.2692

  -78.3423
   -9.4657
    0.2151

  -79.5591
   -0.5521
    0.1606

  -79.7500
    8.5022
    0.1058

  -78.8987
   17.5792
    0.0508

  -77.0026
   26.5588
   -0.0042

  -74.0730
   35.3208
   -0.0594

  -70.1349
   43.7460
   -0.1145

  -65.2270
   51.7184
   -0.1696

  -59.4016
   59.1262
   -0.2245

  -52.7236
   65.8639
   -0.2792

  -45.2702
   71.8331
   -0.3337

  -37.1299
   76.9447
   -0.3878

  -28.4015
   81.1196
   -0.4415

  -19.1928
   84.2899
   -0.4948

   -9.6195
   86.4004
   -0.5475

    0.1963
   87.4092
   -0.5996

   10.1278
   87.2882
   -0.6510

   20.0448
   86.0242
   -0.7018

   29.8157
   83.6188
   -0.7517

   39.3091
   80.0889
   -0.8009

   48.3955
   75.4664
   -0.8491

   56.9491
   69.7982
   -0.8963

   64.8494
   63.1456
   -0.9425

   71.9830
   55.5840
   -0.9877

   78.2454
   47.2015
   -1.0317

   83.5419
   38.0986
   -1.0745

   87.7896
   28.3864
   -1.1160

   90.9184
   18.1858
   -1.1563

   92.8719
    7.6256
   -1.1953

   93.6088
   -3.1589
   -1.2328

   93.1033
  -14.0274
   -1.2689

   91.3457
  -24.8370
   -1.3035

   88.3427
  -35.4435
   -1.3366

   84.1178
  -45.7034
   -1.3682

   78.7109
  -55.4760
   -1.3981

   72.1781
  -64.6251
   -1.4263

   64.5913
  -73.0212
   -1.4529

   56.0370
  -80.5427
   -1.4778

   46.6161
  -87.0784
   -1.5009

   36.4422
  -92.5284
   -1.5222

   25.6401
  -96.8060
   -1.5418

   14.3450
  -99.8388
   -1.5595

   2.7003e+00
  -1.0157e+02
  -1.5753e+00

  -9.1443e+00
  -1.0196e+02
  -1.5893e+00

  -2.1034e+01
  -1.0098e+02
  -1.6014e+00

  -32.8120
  -98.6386
   -1.6115

  -44.3202
  -94.9360
   -1.6197

  -55.4023
  -89.9073
   -1.6260

  -65.9058
  -83.6015
   -1.6304

  -75.6834
  -76.0854
   -1.6328

  -84.5959
  -67.4425
   -1.6332

  -92.5134
  -57.7724
   -1.6316

  -99.3176
  -47.1897
   -1.6281

  -1.0490e+02
  -3.5823e+01
  -1.6226e+00

  -1.0918e+02
  -2.3811e+01
  -1.6152e+00

  -1.1207e+02
  -1.1307e+01
  -1.6058e+00

  -1.1353e+02
   1.5318e+00
  -1.5945e+00

  -1.1351e+02
   1.4539e+01
  -1.5812e+00

  -1.1198e+02
   2.7544e+01
  -1.5660e+00

  -1.0897e+02
   4.0374e+01
  -1.5489e+00

  -1.0447e+02
   5.2858e+01
  -1.5299e+00

  -98.5372
   64.8251
   -1.5091

  -91.2262
   76.1095
   -1.4864

  -82.6160
   86.5527
   -1.4619

  -72.8035
   96.0052
   -1.4356

  -6.1903e+01
   1.0433e+02
  -1.4076e+00

  -5.0044e+01
   1.1140e+02
  -1.3778e+00

  -3.7371e+01
   1.1710e+02
  -1.3463e+00

  -2.4042e+01
   1.2135e+02
  -1.3132e+00

  -1.0224e+01
   1.2406e+02
  -1.2784e+00

   3.9059e+00
   1.2518e+02
  -1.2421e+00

   1.8164e+01
   1.2467e+02
  -1.2042e+00

   3.2364e+01
   1.2252e+02
  -1.1648e+00

   4.6317e+01
   1.1874e+02
  -1.1240e+00

   5.9833e+01
   1.1336e+02
  -1.0818e+00

   7.2729e+01
   1.0641e+02
  -1.0382e+00

   84.8251
   97.9838
   -0.9934

   95.9502
   88.1639
   -0.9472

   1.0594e+02
   7.7064e+01
  -8.9991e-01

   1.1466e+02
   6.4813e+01
  -8.5145e-01

   1.2196e+02
   5.1560e+01
  -8.0190e-01

   1.2774e+02
   3.7466e+01
  -7.5133e-01

   1.3190e+02
   2.2708e+01
  -6.9979e-01

   1.3435e+02
   7.4725e+00
  -6.4735e-01

   1.3505e+02
  -8.0451e+00
  -5.9407e-01

   1.3396e+02
  -2.3642e+01
  -5.4000e-01

   1.3108e+02
  -3.9114e+01
  -4.8523e-01

   1.2641e+02
  -5.4252e+01
  -4.2980e-01

   1.2000e+02
  -6.8852e+01
  -3.7379e-01

   1.1191e+02
  -8.2713e+01
  -3.1726e-01

   1.0222e+02
  -9.5641e+01
  -2.6028e-01

   9.1047e+01
  -1.0745e+02
  -2.0291e-01

   7.8510e+01
  -1.1798e+02
  -1.4524e-01

   6.4761e+01
  -1.2706e+02
  -8.7319e-02

   4.9965e+01
  -1.3455e+02
  -2.9224e-02

   3.4307e+01
  -1.4034e+02
   2.8975e-02

   1.7981e+01
  -1.4433e+02
   8.7210e-02

   1.1965e+00
  -1.4643e+02
   1.4541e-01

  -1.5831e+01
  -1.4660e+02
   2.0350e-01

  -3.2878e+01
  -1.4481e+02
   2.6142e-01

  -4.9720e+01
  -1.4106e+02
   3.1910e-01

  -6.6129e+01
  -1.3536e+02
   3.7646e-01

  -8.1882e+01
  -1.2778e+02
   4.3343e-01

  -9.6762e+01
  -1.1838e+02
   4.8996e-01

  -1.1056e+02
  -1.0726e+02
   5.4596e-01

  -1.2308e+02
  -9.4558e+01
   6.0137e-01

  -1.3413e+02
  -8.0410e+01
   6.5612e-01

  -1.4356e+02
  -6.4989e+01
   7.1015e-01

  -1.5121e+02
  -4.8481e+01
   7.6339e-01

  -1.5696e+02
  -3.1092e+01
   8.1578e-01

  -1.6070e+02
  -1.3040e+01
   8.6724e-01

  -1.6237e+02
   5.4451e+00
   9.1773e-01

  -1.6191e+02
   2.4123e+01
   9.6717e-01

  -1.5930e+02
   4.2748e+01
   1.0155e+00

  -1.5454e+02
   6.1073e+01
   1.0627e+00

  -1.4767e+02
   7.8852e+01
   1.1086e+00

  -1.3876e+02
   9.5840e+01
   1.1533e+00

  -1.2789e+02
   1.1180e+02
   1.1966e+00

  -1.1518e+02
   1.2651e+02
   1.2386e+00

  -1.0077e+02
   1.3976e+02
   1.2791e+00

  -8.4844e+01
   1.5135e+02
   1.3181e+00

  -6.7580e+01
   1.6111e+02
   1.3556e+00

  -4.9193e+01
   1.6888e+02
   1.3914e+00

  -2.9911e+01
   1.7453e+02
   1.4257e+00

  -9.9776e+00
   1.7797e+02
   1.4583e+00

   1.0351e+01
   1.7911e+02
   1.4891e+00

   3.0811e+01
   1.7791e+02
   1.5183e+00

   5.1132e+01
   1.7435e+02
   1.5456e+00

   7.1043e+01
   1.6845e+02
   1.5711e+00

   9.0276e+01
   1.6027e+02
   1.5947e+00

   1.0857e+02
   1.4986e+02
   1.6164e+00

   1.2566e+02
   1.3736e+02
   1.6362e+00

   1.4131e+02
   1.2288e+02
   1.6541e+00

   1.5529e+02
   1.0660e+02
   1.6700e+00

   1.6740e+02
   8.8717e+01
   1.6839e+00

   1.7745e+02
   6.9437e+01
   1.6958e+00

   1.8528e+02
   4.9001e+01
   1.7057e+00

   1.9076e+02
   2.7664e+01
   1.7135e+00

   1.9378e+02
   5.6968e+00
   1.7193e+00

   1.9426e+02
  -1.6617e+01
   1.7230e+00

   1.9218e+02
  -3.8986e+01
   1.7246e+00

   1.8753e+02
  -6.1115e+01
   1.7242e+00

   1.8032e+02
  -8.2706e+01
   1.7217e+00

   1.7063e+02
  -1.0347e+02
   1.7171e+00

   1.5855e+02
  -1.2311e+02
   1.7105e+00

   1.4420e+02
  -1.4136e+02
   1.7017e+00

   1.2776e+02
  -1.5796e+02
   1.6909e+00

   1.0940e+02
  -1.7266e+02
   1.6781e+00

   8.9345e+01
  -1.8525e+02
   1.6632e+00

   6.7844e+01
  -1.9553e+02
   1.6464e+00

   4.5159e+01
  -2.0333e+02
   1.6275e+00

   2.1576e+01
  -2.0852e+02
   1.6066e+00

  -2.6045e+00
  -2.1099e+02
   1.5838e+00

  -2.7070e+01
  -2.1068e+02
   1.5590e+00

  -5.1499e+01
  -2.0755e+02
   1.5323e+00

  -7.5567e+01
  -2.0160e+02
   1.5038e+00

  -9.8950e+01
  -1.9288e+02
   1.4734e+00

  -1.2133e+02
  -1.8147e+02
   1.4412e+00

  -1.4239e+02
  -1.6747e+02
   1.4072e+00

  -1.6185e+02
  -1.5106e+02
   1.3715e+00

  -1.7941e+02
  -1.3240e+02
   1.3341e+00

  -1.9482e+02
  -1.1171e+02
   1.2950e+00

  -2.0785e+02
  -8.9256e+01
   1.2544e+00

  -2.1830e+02
  -6.5296e+01
   1.2121e+00

  -2.2598e+02
  -4.0132e+01
   1.1684e+00

  -2.3077e+02
  -1.4083e+01
   1.1232e+00

  -2.3256e+02
   1.2519e+01
   1.0766e+00

  -2.3128e+02
   3.9328e+01
   1.0286e+00

  -2.2692e+02
   6.5990e+01
   9.7940e-01

  -2.1948e+02
   9.2151e+01
   9.2891e-01

  -2.0903e+02
   1.1746e+02
   8.7725e-01

  -1.9567e+02
   1.4156e+02
   8.2446e-01

  -1.7953e+02
   1.6412e+02
   7.7062e-01

  -1.6080e+02
   1.8483e+02
   7.1579e-01

  -1.3968e+02
   2.0338e+02
   6.6003e-01

  -1.1642e+02
   2.1950e+02
   6.0341e-01

  -9.1303e+01
   2.3294e+02
   5.4599e-01

  -6.4640e+01
   2.4349e+02
   4.8785e-01

  -3.6762e+01
   2.5097e+02
   4.2905e-01

  -8.0223e+00
   2.5524e+02
   3.6966e-01

   2.1209e+01
   2.5620e+02
   3.0976e-01

   5.0552e+01
   2.5380e+02
   2.4941e-01

   7.9617e+01
   2.4802e+02
   1.8868e-01

   1.0802e+02
   2.3889e+02
   1.2766e-01

   1.3537e+02
   2.2649e+02
   6.6411e-02

   1.6129e+02
   2.1094e+02
   5.0077e-03

   1.8542e+02
   1.9241e+02
  -5.6476e-02

   2.0742e+02
   1.7110e+02
  -1.1797e-01

   2.2696e+02
   1.4726e+02
  -1.7939e-01

   2.4376e+02
   1.2117e+02
  -2.4067e-01

   2.5755e+02
   9.3141e+01
  -3.0173e-01

   2.6812e+02
   6.3528e+01
  -3.6250e-01

   2.7527e+02
   3.2698e+01
  -4.2291e-01

   2.7888e+02
   1.0457e+00
  -4.8289e-01

   2.7884e+02
  -3.1021e+01
  -5.4235e-01

   2.7511e+02
  -6.3083e+01
  -6.0124e-01

   2.6768e+02
  -9.4714e+01
  -6.5947e-01

   2.5661e+02
  -1.2549e+02
  -7.1697e-01

   2.4200e+02
  -1.5499e+02
  -7.7369e-01

   2.2400e+02
  -1.8280e+02
  -8.2954e-01

   2.0279e+02
  -2.0855e+02
  -8.8446e-01

   1.7861e+02
  -2.3184e+02
  -9.3838e-01

   1.5175e+02
  -2.5236e+02
  -9.9123e-01

   1.2253e+02
  -2.6978e+02
  -1.0430e+00

   9.1308e+01
  -2.8383e+02
  -1.0935e+00

   5.8465e+01
  -2.9429e+02
  -1.1428e+00

   2.4417e+01
  -3.0096e+02
  -1.1907e+00

  -1.0399e+01
  -3.0371e+02
  -1.2373e+00

  -4.5531e+01
  -3.0245e+02
  -1.2825e+00

  -8.0519e+01
  -2.9715e+02
  -1.3261e+00

  -1.1489e+02
  -2.8781e+02
  -1.3682e+00

  -1.4820e+02
  -2.7452e+02
  -1.4088e+00

  -1.7996e+02
  -2.5739e+02
  -1.4476e+00

  -2.0976e+02
  -2.3660e+02
  -1.4848e+00

  -2.3716e+02
  -2.1237e+02
  -1.5202e+00

  -2.6177e+02
  -1.8500e+02
  -1.5539e+00

  -2.8323e+02
  -1.5478e+02
  -1.5857e+00

  -3.0121e+02
  -1.2210e+02
  -1.6156e+00

  -3.1542e+02
  -8.7338e+01
  -1.6437e+00

  -3.2563e+02
  -5.0944e+01
  -1.6698e+00

  -3.3165e+02
  -1.3372e+01
  -1.6939e+00

  -3.3334e+02
   2.4894e+01
  -1.7160e+00

  -3.3063e+02
   6.3355e+01
  -1.7361e+00

  -3.2348e+02
   1.0150e+02
  -1.7541e+00

  -3.1194e+02
   1.3883e+02
  -1.7700e+00

  -2.9610e+02
   1.7483e+02
  -1.7838e+00

  -2.7612e+02
   2.0901e+02
  -1.7954e+00

  -2.5220e+02
   2.4088e+02
  -1.8049e+00

  -2.2461e+02
   2.7000e+02
  -1.8123e+00

  -1.9366e+02
   2.9595e+02
  -1.8175e+00

  -1.5973e+02
   3.1833e+02
  -1.8205e+00

  -1.2321e+02
   3.3680e+02
  -1.8213e+00

  -8.4574e+01
   3.5107e+02
  -1.8199e+00

  -4.4290e+01
   3.6089e+02
  -1.8163e+00

  -2.8749e+00
   3.6607e+02
  -1.8106e+00

   3.9137e+01
   3.6649e+02
  -1.8026e+00

   8.1198e+01
   3.6206e+02
  -1.7925e+00

   1.2275e+02
   3.5280e+02
  -1.7802e+00

   1.6323e+02
   3.3874e+02
  -1.7657e+00

   2.0210e+02
   3.2003e+02
  -1.7491e+00

   2.3881e+02
   2.9684e+02
  -1.7304e+00

   2.7286e+02
   2.6943e+02
  -1.7096e+00

   3.0374e+02
   2.3809e+02
  -1.6867e+00

   3.3102e+02
   2.0320e+02
  -1.6617e+00

   3.5428e+02
   1.6517e+02
  -1.6347e+00

   3.7316e+02
   1.2446e+02
  -1.6057e+00

   3.8735e+02
   8.1575e+01
  -1.5747e+00

   3.9660e+02
   3.7058e+01
  -1.5418e+00

   4.0073e+02
  -8.5243e+00
  -1.5070e+00

   3.9961e+02
  -5.4581e+01
  -1.4704e+00

   3.9319e+02
  -1.0051e+02
  -1.4319e+00

   3.8147e+02
  -1.4569e+02
  -1.3916e+00

   3.6456e+02
  -1.8953e+02
  -1.3497e+00

   3.4259e+02
  -2.3142e+02
  -1.3060e+00

   3.1580e+02
  -2.7078e+02
  -1.2608e+00

   2.8448e+02
  -3.0705e+02
  -1.2139e+00

   2.4899e+02
  -3.3971e+02
  -1.1656e+00

   2.0973e+02
  -3.6829e+02
  -1.1158e+00

   1.6718e+02
  -3.9234e+02
  -1.0645e+00

   1.2186e+02
  -4.1149e+02
  -1.0120e+00

   7.4341e+01
  -4.2543e+02
  -9.5813e-01

   2.5214e+01
  -4.3389e+02
  -9.0306e-01

  -2.4887e+01
  -4.3669e+02
  -8.4684e-01

  -7.5310e+01
  -4.3372e+02
  -7.8954e-01

  -1.2539e+02
  -4.2494e+02
  -7.3122e-01

  -1.7446e+02
  -4.1040e+02
  -6.7194e-01

  -2.2185e+02
  -3.9020e+02
  -6.1179e-01

  -2.6692e+02
  -3.6455e+02
  -5.5082e-01

  -3.0903e+02
  -3.3370e+02
  -4.8912e-01

  -3.4759e+02
  -2.9801e+02
  -4.2676e-01

  -3.8204e+02
  -2.5787e+02
  -3.6380e-01

  -4.1186e+02
  -2.1376e+02
  -3.0034e-01

  -4.3661e+02
  -1.6622e+02
  -2.3643e-01

  -4.5588e+02
  -1.1583e+02
  -1.7217e-01

  -4.6934e+02
  -6.3222e+01
  -1.0762e-01

  -4.7675e+02
  -9.0600e+00
  -4.2859e-02

  -4.7792e+02
   4.5956e+01
   2.2028e-02

  -4.7275e+02
   1.0111e+02
   8.6967e-02

  -4.6123e+02
   1.5566e+02
   1.5188e-01

  -4.4343e+02
   2.0889e+02
   2.1669e-01

  -4.1949e+02
   2.6007e+02
   2.8131e-01

  -3.8966e+02
   3.0850e+02
   3.4568e-01

  -3.5426e+02
   3.5349e+02
   4.0970e-01

  -3.1367e+02
   3.9440e+02
   4.7331e-01

  -2.6837e+02
   4.3064e+02
   5.3643e-01

  -2.1889e+02
   4.6167e+02
   5.9897e-01

  -1.6585e+02
   4.8699e+02
   6.6087e-01

  -1.0988e+02
   5.0621e+02
   7.2205e-01

  -5.1702e+01
   5.1899e+02
   7.8244e-01

   7.9493e+00
   5.2506e+02
   8.4195e-01

   6.8300e+01
   5.2426e+02
   9.0052e-01

   1.2856e+02
   5.1652e+02
   9.5808e-01

   1.8793e+02
   5.0184e+02
   1.0146e+00

   2.4561e+02
   4.8032e+02
   1.0699e+00

   3.0081e+02
   4.5215e+02
   1.1240e+00

   3.5277e+02
   4.1763e+02
   1.1768e+00

   4.0075e+02
   3.7713e+02
   1.2282e+00

   4.4407e+02
   3.3111e+02
   1.2783e+00

   4.8209e+02
   2.8009e+02
   1.3269e+00

   5.1424e+02
   2.2470e+02
   1.3739e+00

   5.4000e+02
   1.6560e+02
   1.4193e+00

   5.5896e+02
   1.0354e+02
   1.4631e+00

   5.7078e+02
   3.9296e+01
   1.5051e+00

   5.7520e+02
  -2.6308e+01
   1.5454e+00

   5.7206e+02
  -9.2421e+01
   1.5839e+00

   5.6131e+02
  -1.5817e+02
   1.6206e+00

   5.4299e+02
  -2.2268e+02
   1.6553e+00

   5.1724e+02
  -2.8509e+02
   1.6881e+00

   4.8430e+02
  -3.4452e+02
   1.7188e+00

   4.4452e+02
  -4.0017e+02
   1.7476e+00

   3.9833e+02
  -4.5123e+02
   1.7743e+00

   3.4627e+02
  -4.9697e+02
   1.7988e+00

   2.8893e+02
  -5.3671e+02
   1.8213e+00

   2.2702e+02
  -5.6985e+02
   1.8415e+00

   1.6129e+02
  -5.9586e+02
   1.8596e+00

   9.2573e+01
  -6.1430e+02
   1.8755e+00

   2.1729e+01
  -6.2483e+02
   1.8891e+00

  -5.0327e+01
  -6.2719e+02
   1.9005e+00

  -1.2265e+02
  -6.2126e+02
   1.9096e+00

  -1.9430e+02
  -6.0700e+02
   1.9164e+00

  -2.6430e+02
  -5.8449e+02
   1.9209e+00

  -3.3171e+02
  -5.5391e+02
   1.9231e+00

  -3.9559e+02
  -5.1557e+02
   1.9230e+00

  -4.5506e+02
  -4.6988e+02
   1.9205e+00

  -5.0927e+02
  -4.1733e+02
   1.9158e+00

  -5.5742e+02
  -3.5854e+02
   1.9087e+00

  -5.9880e+02
  -2.9421e+02
   1.8994e+00

  -6.3278e+02
  -2.2511e+02
   1.8877e+00

  -6.5879e+02
  -1.5209e+02
   1.8738e+00

  -6.7640e+02
  -7.6084e+01
   1.8575e+00

  -6.8525e+02
   1.9537e+00
   1.8391e+00

  -6.8511e+02
   8.1012e+01
   1.8183e+00

  -6.7587e+02
   1.6005e+02
   1.7954e+00

  -6.5752e+02
   2.3803e+02
   1.7703e+00

  -6.3020e+02
   3.1390e+02
   1.7430e+00

  -5.9413e+02
   3.8662e+02
   1.7136e+00

  -5.4969e+02
   4.5519e+02
   1.6821e+00

  -4.9736e+02
   5.1864e+02
   1.6485e+00

  -4.3771e+02
   5.7606e+02
   1.6129e+00

  -3.7145e+02
   6.2661e+02
   1.5754e+00

  -2.9937e+02
   6.6954e+02
   1.5358e+00

  -2.2235e+02
   7.0416e+02
   1.4944e+00

  -1.4133e+02
   7.2991e+02
   1.4511e+00

  -5.7352e+01
   7.4634e+02
   1.4061e+00

   2.8521e+01
   7.5309e+02
   1.3593e+00

   1.1517e+02
   7.4996e+02
   1.3108e+00

   2.0146e+02
   7.3684e+02
   1.2606e+00

   2.8624e+02
   7.1379e+02
   1.2089e+00

   3.6837e+02
   6.8097e+02
   1.1557e+00

   4.4672e+02
   6.3870e+02
   1.1010e+00

   5.2020e+02
   5.8741e+02
   1.0449e+00

   5.8778e+02
   5.2765e+02
   9.8747e-01

   6.4847e+02
   4.6011e+02
   9.2880e-01

   7.0139e+02
   3.8558e+02
   8.6894e-01

   7.4572e+02
   3.0496e+02
   8.0797e-01

   7.8077e+02
   2.1923e+02
   7.4594e-01

   8.0595e+02
   1.2947e+02
   6.8295e-01

   8.2079e+02
   3.6809e+01
   6.1906e-01

   8.2496e+02
  -5.7563e+01
   5.5434e-01

   8.1827e+02
  -1.5241e+02
   4.8888e-01

   8.0065e+02
  -2.4649e+02
   4.2275e-01

   7.7220e+02
  -3.3855e+02
   3.5604e-01

   7.3315e+02
  -4.2732e+02
   2.8881e-01

   6.8387e+02
  -5.1160e+02
   2.2116e-01

   6.2489e+02
  -5.9020e+02
   1.5316e-01

   5.5686e+02
  -6.6200e+02
   8.4889e-02

   4.8056e+02
  -7.2598e+02
   1.6437e-02

   3.9689e+02
  -7.8116e+02
  -5.2117e-02

   3.0687e+02
  -8.2672e+02
  -1.2069e-01

   2.1161e+02
  -8.6190e+02
  -1.8920e-01

   1.1229e+02
  -8.8611e+02
  -2.5757e-01

   1.0187e+01
  -8.9888e+02
  -3.2571e-01

  -9.3388e+01
  -8.9990e+02
  -3.9354e-01

  -1.9708e+02
  -8.8899e+02
  -4.6097e-01

  -2.9951e+02
  -8.6613e+02
  -5.2793e-01

  -3.9931e+02
  -8.3148e+02
  -5.9434e-01

  -4.9512e+02
  -7.8533e+02
  -6.6011e-01

  -5.8561e+02
  -7.2816e+02
  -7.2517e-01

  -6.6952e+02
  -6.6055e+02
  -7.8943e-01

  -7.4564e+02
  -5.8329e+02
  -8.5282e-01

  -8.1287e+02
  -4.9726e+02
  -9.1526e-01

  -8.7018e+02
  -4.0349e+02
  -9.7667e-01

  -9.1670e+02
  -3.0311e+02
  -1.0370e+00

  -9.5165e+02
  -1.9738e+02
  -1.0961e+00

  -9.7443e+02
  -8.7625e+01
  -1.1540e+00

  -9.8456e+02
   2.4754e+01
  -1.2106e+00

  -9.8176e+02
   1.3830e+02
  -1.2657e+00

  -9.6587e+02
   2.5153e+02
  -1.3195e+00

  -9.3695e+02
   3.6292e+02
  -1.3717e+00

  -8.9519e+02
   4.7099e+02
  -1.4223e+00

  -8.4100e+02
   5.7424e+02
  -1.4712e+00

  -7.7490e+02
   6.7126e+02
  -1.5185e+00

  -6.9764e+02
   7.6066e+02
  -1.5639e+00

  -6.1008e+02
   8.4117e+02
  -1.6076e+00

  -5.1324e+02
   9.1159e+02
  -1.6493e+00

  -4.0830e+02
   9.7086e+02
  -1.6892e+00

  -2.9653e+02
   1.0180e+03
  -1.7270e+00

  -1.7932e+02
   1.0524e+03
  -1.7628e+00

  -5.8161e+01
   1.0732e+03
  -1.7965e+00

   6.5396e+01
   1.0800e+03
  -1.8281e+00

   1.8974e+02
   1.0727e+03
  -1.8576e+00

   3.1324e+02
   1.0510e+03
  -1.8848e+00

   4.3425e+02
   1.0151e+03
  -1.9098e+00

   5.5112e+02
   9.6523e+02
  -1.9326e+00

   6.6225e+02
   9.0192e+02
  -1.9530e+00

   7.6609e+02
   8.2582e+02
  -1.9711e+00

   8.6117e+02
   7.3776e+02
  -1.9869e+00

   9.4610e+02
   6.3876e+02
  -2.0003e+00

   1.0196e+03
   5.2996e+02
  -2.0112e+00

   1.0806e+03
   4.1271e+02
  -2.0198e+00

   1.1282e+03
   2.8842e+02
  -2.0260e+00

   1.1613e+03
   1.5867e+02
  -2.0297e+00

   1.1796e+03
   2.5088e+01
  -2.0310e+00

   1.1825e+03
  -1.1059e+02
  -2.0299e+00

   1.1697e+03
  -2.4660e+02
  -2.0263e+00

   1.1413e+03
  -3.8114e+02
  -2.0202e+00

   1.0974e+03
  -5.1241e+02
  -2.0118e+00

   1.0383e+03
  -6.3862e+02
  -2.0008e+00

   9.6479e+02
  -7.5803e+02
  -1.9875e+00

   8.7747e+02
  -8.6897e+02
  -1.9718e+00

   7.7738e+02
  -9.6986e+02
  -1.9536e+00

   6.6568e+02
  -1.0592e+03
  -1.9331e+00

   5.4368e+02
  -1.1357e+03
  -1.9103e+00

   4.1288e+02
  -1.1982e+03
  -1.8851e+00

   2.7488e+02
  -1.2455e+03
  -1.8576e+00

   1.3143e+02
  -1.2770e+03
  -1.8278e+00

  -1.5646e+01
  -1.2920e+03
  -1.7958e+00

  -1.6445e+02
  -1.2900e+03
  -1.7617e+00

  -3.1302e+02
  -1.2709e+03
  -1.7253e+00

  -4.5939e+02
  -1.2347e+03
  -1.6868e+00

  -6.0159e+02
  -1.1816e+03
  -1.6463e+00

  -7.3767e+02
  -1.1122e+03
  -1.6037e+00

  -8.6576e+02
  -1.0271e+03
  -1.5591e+00

  -9.8404e+02
  -9.2719e+02
  -1.5126e+00

  -1.0908e+03
  -8.1370e+02
  -1.4642e+00

  -1.1845e+03
  -6.8791e+02
  -1.4141e+00

  -1.2638e+03
  -5.5132e+02
  -1.3621e+00

  -1.3272e+03
  -4.0562e+02
  -1.3084e+00

  -1.3740e+03
  -2.5260e+02
  -1.2531e+00

  -1.4030e+03
  -9.4202e+01
  -1.1963e+00

  -1.4139e+03
   6.7546e+01
  -1.1379e+00

  -1.4061e+03
   2.3054e+02
  -1.0781e+00

  -1.3796e+03
   3.9264e+02
  -1.0169e+00

  -1.3343e+03
   5.5168e+02
  -9.5436e-01

  -1.2708e+03
   7.0552e+02
  -8.9065e-01

  -1.1895e+03
   8.5204e+02
  -8.2578e-01

  -1.0914e+03
   9.8919e+02
  -7.5985e-01

  -9.7748e+02
   1.1151e+03
  -6.9291e-01

  -8.4906e+02
   1.2278e+03
  -6.2507e-01

  -7.0765e+02
   1.3257e+03
  -5.5639e-01

  -5.5496e+02
   1.4074e+03
  -4.8696e-01

  -3.9287e+02
   1.4715e+03
  -4.1685e-01

  -2.2340e+02
   1.5169e+03
  -3.4616e-01

  -4.8692e+01
   1.5428e+03
  -2.7497e-01

   1.2900e+02
   1.5486e+03
  -2.0337e-01

   3.0735e+02
   1.5339e+03
  -1.3143e-01

   4.8401e+02
   1.4986e+03
  -5.9243e-02

   6.5662e+02
   1.4431e+03
   1.3098e-02

   8.2282e+02
   1.3676e+03
   8.5511e-02

   9.8034e+02
   1.2730e+03
   1.5791e-01

   1.1270e+03
   1.1603e+03
   2.3020e-01

   1.2606e+03
   1.0307e+03
   3.0231e-01

   1.3793e+03
   8.8566e+02
   3.7413e-01

   1.4813e+03
   7.2698e+02
   4.4560e-01

   1.5651e+03
   5.5655e+02
   5.1661e-01

   1.6292e+03
   3.7648e+02
   5.8709e-01

   1.6726e+03
   1.8902e+02
   6.5694e-01

   1.6944e+03
  -3.4379e+00
   7.2609e-01

   1.6940e+03
  -1.9840e+02
   7.9444e-01

   1.6712e+03
  -3.9333e+02
   8.6193e-01

   1.6259e+03
  -5.8562e+02
   9.2845e-01

   1.5585e+03
  -7.7270e+02
   9.9394e-01

   1.4696e+03
  -9.5202e+02
   1.0583e+00

   1.3600e+03
  -1.1211e+03
   1.1215e+00

   1.2309e+03
  -1.2775e+03
   1.1834e+00

   1.0838e+03
  -1.4191e+03
   1.2439e+00

   9.2038e+02
  -1.5438e+03
   1.3031e+00

   7.4263e+02
  -1.6496e+03
   1.3607e+00

   5.5269e+02
  -1.7350e+03
   1.4167e+00

   3.5292e+02
  -1.7985e+03
   1.4712e+00

   1.4584e+02
  -1.8389e+03
   1.5239e+00

  -6.5895e+01
  -1.8556e+03
   1.5748e+00

  -2.7955e+02
  -1.8478e+03
   1.6239e+00

  -4.9231e+02
  -1.8155e+03
   1.6711e+00

  -7.0135e+02
  -1.7586e+03
   1.7164e+00

  -9.0383e+02
  -1.6777e+03
   1.7597e+00

  -1.0970e+03
  -1.5734e+03
   1.8008e+00

  -1.2782e+03
  -1.4469e+03
   1.8399e+00

  -1.4447e+03
  -1.2996e+03
   1.8768e+00

  -1.5944e+03
  -1.1330e+03
   1.9115e+00

  -1.7248e+03
  -9.4925e+02
   1.9439e+00

  -1.8341e+03
  -7.5046e+02
   1.9740e+00

  -1.9204e+03
  -5.3908e+02
   2.0018e+00

  -1.9825e+03
  -3.1775e+02
   2.0272e+00

  -2.0190e+03
  -8.9284e+01
   2.0502e+00

  -2.0293e+03
   1.4339e+02
   2.0707e+00

  -2.0127e+03
   3.7725e+02
   2.0888e+00

  -1.9692e+03
   6.0920e+02
   2.1044e+00

  -1.8990e+03
   8.3614e+02
   2.1175e+00

  -1.8026e+03
   1.0550e+03
   2.1280e+00

  -1.6811e+03
   1.2627e+03
   2.1360e+00

  -1.5356e+03
   1.4565e+03
   2.1414e+00

  -1.3678e+03
   1.6335e+03
   2.1443e+00

  -1.1796e+03
   1.7912e+03
   2.1446e+00

  -9.7330e+02
   1.9272e+03
   2.1423e+00

  -7.5130e+02
   2.0394e+03
   2.1374e+00

  -5.1638e+02
   2.1261e+03
   2.1299e+00

  -2.7146e+02
   2.1857e+03
   2.1199e+00

  -1.9685e+01
   2.2172e+03
   2.1073e+00

   2.3571e+02
   2.2196e+03
   2.0921e+00

   4.9139e+02
   2.1926e+03
   2.0744e+00

   7.4396e+02
   2.1362e+03
   2.0542e+00

   9.9003e+02
   2.0506e+03
   2.0315e+00

   1.2263e+03
   1.9368e+03
   2.0064e+00

   1.4494e+03
   1.7957e+03
   1.9787e+00

   1.6562e+03
   1.6290e+03
   1.9487e+00

   1.8439e+03
   1.4384e+03
   1.9163e+00

   2.0096e+03
   1.2262e+03
   1.8815e+00

   2.1509e+03
   9.9490e+02
   1.8444e+00

   2.2655e+03
   7.4735e+02
   1.8051e+00

   2.3517e+03
   4.8659e+02
   1.7635e+00

   2.4078e+03
   2.1592e+02
   1.7198e+00

   2.4327e+03
  -6.1220e+01
   1.6739e+00

   2.4258e+03
  -3.4123e+02
   1.6260e+00

   2.3865e+03
  -6.2044e+02
   1.5761e+00

   2.3152e+03
  -8.9513e+02
   1.5242e+00

   2.2121e+03
  -1.1616e+03
   1.4704e+00

   2.0784e+03
  -1.4162e+03
   1.4147e+00

   1.9154e+03
  -1.6554e+03
   1.3573e+00

   1.7249e+03
  -1.8759e+03
   1.2982e+00

   1.5089e+03
  -2.0743e+03
   1.2375e+00

   1.2701e+03
  -2.2480e+03
   1.1752e+00

   1.0113e+03
  -2.3941e+03
   1.1114e+00

   7.3567e+02
  -2.5104e+03
   1.0462e+00

   4.4664e+02
  -2.5950e+03
   9.7965e-01

   1.4788e+02
  -2.6463e+03
   9.1185e-01

  -1.5679e+02
  -2.6632e+03
   8.4286e-01

  -4.6341e+02
  -2.6450e+03
   7.7278e-01

  -7.6792e+02
  -2.5914e+03
   7.0168e-01

  -1.0663e+03
  -2.5029e+03
   6.2966e-01

  -1.3544e+03
  -2.3799e+03
   5.5679e-01

  -1.6284e+03
  -2.2238e+03
   4.8316e-01

  -1.8844e+03
  -2.0361e+03
   4.0886e-01

  -2.1188e+03
  -1.8190e+03
   3.3397e-01

  -2.3282e+03
  -1.5748e+03
   2.5860e-01

  -2.5095e+03
  -1.3065e+03
   1.8282e-01

  -2.6599e+03
  -1.0174e+03
   1.0674e-01

  -2.7769e+03
  -7.1093e+02
   3.0429e-02

  -2.8587e+03
  -3.9099e+02
  -4.6007e-02

  -2.9036e+03
  -6.1632e+01
  -1.2248e-01

  -2.9107e+03
   2.7290e+02
  -1.9890e-01

  -2.8791e+03
   6.0824e+02
  -2.7517e-01

  -2.8090e+03
   9.3995e+02
  -3.5120e-01

  -2.7006e+03
   1.2636e+03
  -4.2690e-01

  -2.5550e+03
   1.5747e+03
  -5.0217e-01

  -2.3736e+03
   1.8691e+03
  -5.7693e-01

  -2.1582e+03
   2.1426e+03
  -6.5109e-01

  -1.9114e+03
   2.3913e+03
  -7.2455e-01

  -1.6359e+03
   2.6115e+03
  -7.9723e-01

  -1.3350e+03
   2.8001e+03
  -8.6904e-01

  -1.0125e+03
   2.9540e+03
  -9.3989e-01

  -6.7218e+02
   3.0707e+03
  -1.0097e+00

  -3.1845e+02
   3.1482e+03
  -1.0784e+00

   4.4213e+01
   3.1850e+03
  -1.1458e+00

   4.1112e+02
   3.1801e+03
  -1.2120e+00

   7.7745e+02
   3.1329e+03
  -1.2767e+00

   1.1383e+03
   3.0435e+03
  -1.3401e+00

   1.4889e+03
   2.9125e+03
  -1.4018e+00

   1.8245e+03
   2.7412e+03
  -1.4620e+00

   2.1403e+03
   2.5312e+03
  -1.5205e+00

   2.4319e+03
   2.2848e+03
  -1.5772e+00

   2.6951e+03
   2.0049e+03
  -1.6321e+00

   2.9261e+03
   1.6946e+03
  -1.6851e+00

   3.1214e+03
   1.3578e+03
  -1.7361e+00

   3.2778e+03
   9.9846e+02
  -1.7851e+00

   3.3929e+03
   6.2110e+02
  -1.8320e+00

   3.4646e+03
   2.3048e+02
  -1.8768e+00

   3.4912e+03
  -1.6839e+02
  -1.9193e+00

   3.4720e+03
  -5.7033e+02
  -1.9596e+00

   3.4064e+03
  -9.7005e+02
  -1.9976e+00

   3.2948e+03
  -1.3622e+03
  -2.0332e+00

   3.1380e+03
  -1.7415e+03
  -2.0664e+00

   2.9376e+03
  -2.1028e+03
  -2.0972e+00

   2.6955e+03
  -2.4410e+03
  -2.1255e+00

   2.4145e+03
  -2.7513e+03
  -2.1512e+00

   2.0978e+03
  -3.0292e+03
  -2.1744e+00

   1.7491e+03
  -3.2707e+03
  -2.1950e+00

   1.3725e+03
  -3.4720e+03
  -2.2130e+00

   9.7280e+02
  -3.6300e+03
  -2.2284e+00

   5.5489e+02
  -3.7419e+03
  -2.2411e+00

   1.2408e+02
  -3.8057e+03
  -2.2511e+00

  -3.1407e+02
  -3.8198e+03
  -2.2584e+00

  -7.5385e+02
  -3.7835e+03
  -2.2630e+00

  -1.1895e+03
  -3.6966e+03
  -2.2648e+00

  -1.6150e+03
  -3.5595e+03
  -2.2640e+00

  -2.0248e+03
  -3.3734e+03
  -2.2604e+00

  -2.4132e+03
  -3.1401e+03
  -2.2541e+00

  -2.7747e+03
  -2.8621e+03
  -2.2451e+00

  -3.1042e+03
  -2.5424e+03
  -2.2333e+00

  -3.3969e+03
  -2.1848e+03
  -2.2189e+00

  -3.6483e+03
  -1.7935e+03
  -2.2018e+00

  -3.8548e+03
  -1.3732e+03
  -2.1820e+00

  -4.0128e+03
  -9.2921e+02
  -2.1595e+00

  -4.1197e+03
  -4.6697e+02
  -2.1344e+00

  -4.1733e+03
   7.5683e+00
  -2.1068e+00

  -4.1723e+03
   4.8829e+02
  -2.0765e+00

  -4.1160e+03
   9.6889e+02
  -2.0437e+00

  -4.0042e+03
   1.4430e+03
  -2.0084e+00

  -3.8379e+03
   1.9043e+03
  -1.9707e+00

  -3.6185e+03
   2.3463e+03
  -1.9305e+00

  -3.3482e+03
   2.7632e+03
  -1.8880e+00

  -3.0298e+03
   3.1489e+03
  -1.8431e+00

  -2.6670e+03
   3.4979e+03
  -1.7960e+00

  -2.2641e+03
   3.8051e+03
  -1.7467e+00

  -1.8257e+03
   4.0660e+03
  -1.6951e+00

  -1.3573e+03
   4.2763e+03
  -1.6415e+00

  -8.6473e+02
   4.4327e+03
  -1.5859e+00

  -3.5411e+02
   4.5324e+03
  -1.5282e+00

   1.6800e+02
   4.5733e+03
  -1.4687e+00

   6.9481e+02
   4.5541e+03
  -1.4073e+00

   1.2194e+03
   4.4741e+03
  -1.3442e+00

   1.7348e+03
   4.3338e+03
  -1.2793e+00

   2.2340e+03
   4.1341e+03
  -1.2128e+00

   2.7103e+03
   3.8769e+03
  -1.1448e+00

   3.1569e+03
   3.5649e+03
  -1.0754e+00

   3.5676e+03
   3.2014e+03
  -1.0045e+00

   3.9364e+03
   2.7907e+03
  -9.3240e-01

   4.2579e+03
   2.3374e+03
  -8.5906e-01

   4.5273e+03
   1.8472e+03
  -7.8459e-01

   4.7401e+03
   1.3259e+03
  -7.0909e-01

   4.8930e+03
   7.8009e+02
  -6.3264e-01

   4.9829e+03
   2.1669e+02
  -5.5534e-01

   5.0080e+03
  -3.5708e+02
  -4.7728e-01

   4.9671e+03
  -9.3373e+02
  -3.9855e-01

   4.8597e+03
  -1.5057e+03
  -3.1924e-01

   4.6864e+03
  -2.0652e+03
  -2.3946e-01

   4.4487e+03
  -2.6049e+03
  -1.5929e-01

   4.1489e+03
  -3.1171e+03
  -7.8828e-02

   3.7901e+03
  -3.5948e+03
   1.8222e-03

   3.3762e+03
  -4.0312e+03
   8.2567e-02

   2.9121e+03
  -4.4199e+03
   1.6331e-01

   2.4032e+03
  -4.7552e+03
   2.4395e-01

   1.8558e+03
  -5.0319e+03
   3.2440e-01

   1.2764e+03
  -5.2456e+03
   4.0455e-01

   6.7247e+02
  -5.3925e+03
   4.8431e-01

   5.1607e+01
  -5.4698e+03
   5.6359e-01

  -5.7817e+02
  -5.4757e+03
   6.4228e-01

  -1.2086e+03
  -5.4090e+03
   7.2030e-01

  -1.8314e+03
  -5.2698e+03
   7.9754e-01

  -2.4381e+03
  -5.0588e+03
   8.7391e-01

  -3.0206e+03
  -4.7779e+03
   9.4932e-01

  -3.5707e+03
  -4.4300e+03
   1.0237e+00

  -4.0807e+03
  -4.0187e+03
   1.0969e+00

  -4.5433e+03
  -3.5487e+03
   1.1689e+00

  -4.9519e+03
  -3.0254e+03
   1.2396e+00

  -5.3001e+03
  -2.4551e+03
   1.3088e+00

  -5.5827e+03
  -1.8446e+03
   1.3766e+00

  -5.7950e+03
  -1.2016e+03
   1.4428e+00

  -5.9332e+03
  -5.3419e+02
   1.5073e+00

  -5.9946e+03
   1.4917e+02
   1.5701e+00

  -5.9772e+03
   8.3959e+02
   1.6311e+00

  -5.8804e+03
   1.5280e+03
   1.6902e+00

  -5.7043e+03
   2.2053e+03
   1.7473e+00

  -5.4502e+03
   2.8623e+03
   1.8024e+00

  -5.1204e+03
   3.4900e+03
   1.8554e+00

  -4.7183e+03
   4.0797e+03
   1.9062e+00

  -4.2483e+03
   4.6232e+03
   1.9548e+00

  -3.7157e+03
   5.1125e+03
   2.0011e+00

  -3.1268e+03
   5.5405e+03
   2.0450e+00

  -2.4886e+03
   5.9006e+03
   2.0865e+00

  -1.8089e+03
   6.1873e+03
   2.1256e+00

  -1.0962e+03
   6.3956e+03
   2.1622e+00

  -3.5949e+02
   6.5219e+03
   2.1961e+00

   3.9176e+02
   6.5634e+03
   2.2275e+00

   1.1478e+03
   6.5183e+03
   2.2563e+00

   1.8986e+03
   6.3862e+03
   2.2824e+00

   2.6342e+03
   6.1676e+03
   2.3057e+00

   3.3447e+03
   5.8643e+03
   2.3263e+00

   4.0202e+03
   5.4792e+03
   2.3441e+00

   4.6513e+03
   5.0162e+03
   2.3592e+00

   5.2292e+03
   4.4806e+03
   2.3714e+00

   5.7453e+03
   3.8785e+03
   2.3807e+00

   6.1922e+03
   3.2168e+03
   2.3872e+00

   6.5628e+03
   2.5038e+03
   2.3909e+00

   6.8513e+03
   1.7480e+03
   2.3916e+00

   7.0528e+03
   9.5907e+02
   2.3895e+00

   7.1634e+03
   1.4689e+02
   2.3845e+00

   7.1805e+03
  -6.7802e+02
   2.3767e+00

   7.1025e+03
  -1.5049e+03
   2.3659e+00

   6.9294e+03
  -2.3228e+03
   2.3523e+00

   6.6621e+03
  -3.1208e+03
   2.3359e+00

   6.3028e+03
  -3.8880e+03
   2.3166e+00

   5.8552e+03
  -4.6138e+03
   2.2945e+00

   5.3241e+03
  -5.2880e+03
   2.2696e+00

   4.7152e+03
  -5.9011e+03
   2.2420e+00

   4.0358e+03
  -6.4441e+03
   2.2116e+00

   3.2938e+03
  -6.9089e+03
   2.1786e+00

   2.4984e+03
  -7.2882e+03
   2.1428e+00

   1.6592e+03
  -7.5758e+03
   2.1045e+00

   7.8689e+02
  -7.7669e+03
   2.0635e+00

  -1.0740e+02
  -7.8575e+03
   2.0201e+00

  -1.0121e+03
  -7.8451e+03
   1.9741e+00

  -1.9154e+03
  -7.7285e+03
   1.9257e+00

  -2.8053e+03
  -7.5079e+03
   1.8749e+00

  -3.6698e+03
  -7.1848e+03
   1.8219e+00

  -4.4970e+03
  -6.7621e+03
   1.7665e+00

  -5.2756e+03
  -6.2442e+03
   1.7090e+00

  -5.9945e+03
  -5.6366e+03
   1.6493e+00

  -6.6435e+03
  -4.9462e+03
   1.5876e+00

  -7.2130e+03
  -4.1811e+03
   1.5239e+00

  -7.6943e+03
  -3.3504e+03
   1.4583e+00

  -8.0800e+03
  -2.4643e+03
   1.3908e+00

  -8.3636e+03
  -1.5338e+03
   1.3216e+00

  -8.5401e+03
  -5.7056e+02
   1.2507e+00

  -8.6056e+03
   4.1296e+02
   1.1783e+00

  -8.5579e+03
   1.4040e+03
   1.1043e+00

  -8.3960e+03
   2.3896e+03
   1.0289e+00

  -8.1207e+03
   3.3565e+03
   9.5218e-01

  -7.7340e+03
   4.2918e+03
   8.7422e-01

  -7.2395e+03
   5.1824e+03
   7.9511e-01

  -6.6425e+03
   6.0162e+03
   7.1494e-01

  -5.9495e+03
   6.7812e+03
   6.3382e-01

  -5.1684e+03
   7.4664e+03
   5.5184e-01

  -4.3084e+03
   8.0616e+03
   4.6910e-01

  -3.3798e+03
   8.5578e+03
   3.8569e-01

  -2.3941e+03
   8.9470e+03
   3.0172e-01

  -1.3636e+03
   9.2227e+03
   2.1728e-01

  -3.0130e+02
   9.3798e+03
   1.3248e-01

   7.7908e+02
   9.4145e+03
   4.7422e-02

   1.8635e+03
   9.3248e+03
  -3.7799e-02

   2.9375e+03
   9.1102e+03
  -1.2308e-01

   3.9868e+03
   8.7719e+03
  -2.0831e-01

   4.9972e+03
   8.3128e+03
  -2.9339e-01

   5.9547e+03
   7.7373e+03
  -3.7823e-01

   6.8459e+03
   7.0515e+03
  -4.6271e-01

   7.6581e+03
   6.2631e+03
  -5.4673e-01

   8.3796e+03
   5.3812e+03
  -6.3020e-01

   8.9995e+03
   4.4162e+03
  -7.1301e-01

   9.5082e+03
   3.3798e+03
  -7.9506e-01

   1.0017e+04
   2.3433e+03
  -8.7711e-01

   1.0526e+04
   1.3069e+03
  -9.5917e-01

   1.1034e+04
   2.7053e+02
  -1.0412e+00

   1.1543e+04
  -7.6588e+02
  -1.1233e+00

   1.2052e+04
  -1.8023e+03
  -1.2053e+00

   1.2561e+04
  -2.8387e+03
  -1.2874e+00

   1.3069e+04
  -3.8751e+03
  -1.3694e+00

   1.3578e+04
  -4.9115e+03
  -1.4515e+00

   1.4087e+04
  -5.9479e+03
  -1.5335e+00

   1.4596e+04
  -6.9843e+03
  -1.6156e+00

   1.5104e+04
  -8.0208e+03
  -1.6976e+00

   1.5613e+04
  -9.0572e+03
  -1.7797e+00

   1.6122e+04
  -1.0094e+04
  -1.8617e+00

   1.6631e+04
  -1.1130e+04
  -1.9438e+00

   1.7139e+04
  -1.2166e+04
  -2.0258e+00

   1.7648e+04
  -1.3203e+04
  -2.1079e+00

   1.8157e+04
  -1.4239e+04
  -2.1899e+00

   1.8666e+04
  -1.5276e+04
  -2.2720e+00

   1.9174e+04
  -1.6312e+04
  -2.3540e+00

   1.9683e+04
  -1.7348e+04
  -2.4361e+00

   2.0192e+04
  -1.8385e+04
  -2.5181e+00

   2.0701e+04
  -1.9421e+04
  -2.6002e+00

   2.1209e+04
  -2.0458e+04
  -2.6822e+00

   2.1718e+04
  -2.1494e+04
  -2.7643e+00

   2.2227e+04
  -2.2531e+04
  -2.8463e+00

   2.2736e+04
  -2.3567e+04
  -2.9284e+00

   2.3244e+04
  -2.4603e+04
  -3.0104e+00

   2.3753e+04
  -2.5640e+04
  -3.0925e+00

   2.4262e+04
  -2.6676e+04
  -3.1745e+00

   2.4771e+04
  -2.7713e+04
  -3.2566e+00

   2.5279e+04
  -2.8749e+04
  -3.3387e+00

   2.5788e+04
  -2.9785e+04
  -3.4207e+00

   2.6297e+04
  -3.0822e+04
  -3.5028e+00

   2.6806e+04
  -3.1858e+04
  -3.5848e+00

   2.7314e+04
  -3.2895e+04
  -3.6669e+00

   2.7823e+04
  -3.3931e+04
  -3.7489e+00

   2.8332e+04
  -3.4967e+04
  -3.8310e+00

   2.8841e+04
  -3.6004e+04
  -3.9130e+00

   2.9349e+04
  -3.7040e+04
  -3.9951e+00

   2.9858e+04
  -3.8077e+04
  -4.0771e+00

   3.0367e+04
  -3.9113e+04
  -4.1592e+00

   3.0876e+04
  -4.0149e+04
  -4.2412e+00

   3.1384e+04
  -4.1186e+04
  -4.3233e+00

   3.1893e+04
  -4.2222e+04
  -4.4053e+00

   3.2402e+04
  -4.3259e+04
  -4.4874e+00

   3.2911e+04
  -4.4295e+04
  -4.5694e+00

   3.3419e+04
  -4.5332e+04
  -4.6515e+00

   3.3928e+04
  -4.6368e+04
  -4.7335e+00

   3.4437e+04
  -4.7404e+04
  -4.8156e+00

   3.4946e+04
  -4.8441e+04
  -4.8976e+00

   3.5454e+04
  -4.9477e+04
  -4.9797e+00

   3.5963e+04
  -5.0514e+04
  -5.0617e+00

   3.6472e+04
  -5.1550e+04
  -5.1438e+00

   3.6981e+04
  -5.2586e+04
  -5.2258e+00

   3.7489e+04
  -5.3623e+04
  -5.3079e+00

   3.7998e+04
  -5.4659e+04
  -5.3899e+00

   3.8507e+04
  -5.5696e+04
  -5.4720e+00

   3.9016e+04
  -5.6732e+04
  -5.5540e+00

   3.9524e+04
  -5.7768e+04
  -5.6361e+00

   4.0033e+04
  -5.8805e+04
  -5.7181e+00

   4.0542e+04
  -5.9841e+04
  -5.8002e+00

   4.1051e+04
  -6.0878e+04
  -5.8822e+00

   4.1559e+04
  -6.1914e+04
  -5.9643e+00

   4.2068e+04
  -6.2951e+04
  -6.0463e+00

   4.2577e+04
  -6.3987e+04
  -6.1284e+00

   4.3086e+04
  -6.5023e+04
  -6.2104e+00

   4.3594e+04
  -6.6060e+04
  -6.2925e+00

   4.4103e+04
  -6.7096e+04
  -6.3745e+00

   4.4612e+04
  -6.8133e+04
  -6.4566e+00

   4.5121e+04
  -6.9169e+04
  -6.5386e+00

   4.5629e+04
  -7.0205e+04
  -6.6207e+00

   4.6138e+04
  -7.1242e+04
  -6.7028e+00

   4.6647e+04
  -7.2278e+04
  -6.7848e+00

   4.7156e+04
  -7.3315e+04
  -6.8669e+00

   4.7664e+04
  -7.4351e+04
  -6.9489e+00

   4.8173e+04
  -7.5387e+04
  -7.0310e+00

   4.8682e+04
  -7.6424e+04
  -7.1130e+00

   4.9191e+04
  -7.7460e+04
  -7.1951e+00

   4.9699e+04
  -7.8497e+04
  -7.2771e+00

   5.0208e+04
  -7.9533e+04
  -7.3592e+00

   5.0717e+04
  -8.0570e+04
  -7.4412e+00

   5.1226e+04
  -8.1606e+04
  -7.5233e+00

   5.1734e+04
  -8.2642e+04
  -7.6053e+00

   5.2243e+04
  -8.3679e+04
  -7.6874e+00

   5.2752e+04
  -8.4715e+04
  -7.7694e+00

   5.3261e+04
  -8.5752e+04
  -7.8515e+00

   5.3769e+04
  -8.6788e+04
  -7.9335e+00

   5.4278e+04
  -8.7824e+04
  -8.0156e+00

   5.4787e+04
  -8.8861e+04
  -8.0976e+00

   5.5296e+04
  -8.9897e+04
  -8.1797e+00

   5.5804e+04
  -9.0934e+04
  -8.2617e+00

   5.6313e+04
  -9.1970e+04
  -8.3438e+00

   5.6822e+04
  -9.3006e+04
  -8.4258e+00

   5.7331e+04
  -9.4043e+04
  -8.5079e+00

   5.7839e+04
  -9.5079e+04
  -8.5899e+00

   5.8348e+04
  -9.6116e+04
  -8.6720e+00

   5.8857e+04
  -9.7152e+04
  -8.7540e+00

   5.9366e+04
  -9.8188e+04
  -8.8361e+00

   5.9874e+04
  -9.9225e+04
  -8.9181e+00

   6.0383e+04
  -1.0026e+05
  -9.0002e+00

   6.0892e+04
  -1.0130e+05
  -9.0822e+00

   6.1401e+04
  -1.0233e+05
  -9.1643e+00

   6.1909e+04
  -1.0337e+05
  -9.2463e+00

   6.2418e+04
  -1.0441e+05
  -9.3284e+00

   6.2927e+04
  -1.0544e+05
  -9.4104e+00

   6.3436e+04
  -1.0648e+05
  -9.4925e+00

   6.3944e+04
  -1.0752e+05
  -9.5745e+00

   6.4453e+04
  -1.0855e+05
  -9.6566e+00

   6.4962e+04
  -1.0959e+05
  -9.7386e+00

   6.5471e+04
  -1.1063e+05
  -9.8207e+00

   6.5979e+04
  -1.1166e+05
  -9.9028e+00

   6.6488e+04
  -1.1270e+05
  -9.9848e+00

   6.6997e+04
  -1.1373e+05
  -1.0067e+01

   6.7506e+04
  -1.1477e+05
  -1.0149e+01

   6.8014e+04
  -1.1581e+05
  -1.0231e+01

   6.8523e+04
  -1.1684e+05
  -1.0313e+01

   6.9032e+04
  -1.1788e+05
  -1.0395e+01

   6.9541e+04
  -1.1892e+05
  -1.0477e+01

   7.0049e+04
  -1.1995e+05
  -1.0559e+01

   7.0558e+04
  -1.2099e+05
  -1.0641e+01

   7.1067e+04
  -1.2203e+05
  -1.0723e+01

   7.1576e+04
  -1.2306e+05
  -1.0805e+01

   7.2084e+04
  -1.2410e+05
  -1.0887e+01

   7.2593e+04
  -1.2514e+05
  -1.0969e+01

   7.3102e+04
  -1.2617e+05
  -1.1051e+01

   7.3611e+04
  -1.2721e+05
  -1.1134e+01

   7.4119e+04
  -1.2824e+05
  -1.1216e+01

   7.4628e+04
  -1.2928e+05
  -1.1298e+01

   7.5137e+04
  -1.3032e+05
  -1.1380e+01

   7.5646e+04
  -1.3135e+05
  -1.1462e+01

   7.6154e+04
  -1.3239e+05
  -1.1544e+01

   7.6663e+04
  -1.3343e+05
  -1.1626e+01

   7.7172e+04
  -1.3446e+05
  -1.1708e+01

   7.7681e+04
  -1.3550e+05
  -1.1790e+01

   7.8189e+04
  -1.3654e+05
  -1.1872e+01

   7.8698e+04
  -1.3757e+05
  -1.1954e+01

   7.9207e+04
  -1.3861e+05
  -1.2036e+01

   7.9716e+04
  -1.3964e+05
  -1.2118e+01

   8.0224e+04
  -1.4068e+05
  -1.2200e+01

   8.0733e+04
  -1.4172e+05
  -1.2282e+01

   8.1242e+04
  -1.4275e+05
  -1.2364e+01

   8.1751e+04
  -1.4379e+05
  -1.2446e+01

   8.2259e+04
  -1.4483e+05
  -1.2528e+01

   8.2768e+04
  -1.4586e+05
  -1.2610e+01

   8.3277e+04
  -1.4690e+05
  -1.2692e+01

   8.3786e+04
  -1.4794e+05
  -1.2775e+01

   8.4294e+04
  -1.4897e+05
  -1.2857e+01

   8.4803e+04
  -1.5001e+05
  -1.2939e+01

   8.5312e+04
  -1.5105e+05
  -1.3021e+01

   8.5821e+04
  -1.5208e+05
  -1.3103e+01

   8.6329e+04
  -1.5312e+05
  -1.3185e+01

   8.6838e+04
  -1.5415e+05
  -1.3267e+01

   8.7347e+04
  -1.5519e+05
  -1.3349e+01

   8.7856e+04
  -1.5623e+05
  -1.3431e+01

   8.8364e+04
  -1.5726e+05
  -1.3513e+01

   8.8873e+04
  -1.5830e+05
  -1.3595e+01

   8.9382e+04
  -1.5934e+05
  -1.3677e+01

   8.9891e+04
  -1.6037e+05
  -1.3759e+01

   9.0399e+04
  -1.6141e+05
  -1.3841e+01

   9.0908e+04
  -1.6245e+05
  -1.3923e+01

   9.1417e+04
  -1.6348e+05
  -1.4005e+01

   9.1926e+04
  -1.6452e+05
  -1.4087e+01

   9.2434e+04
  -1.6556e+05
  -1.4169e+01

   9.2943e+04
  -1.6659e+05
  -1.4251e+01

   9.3452e+04
  -1.6763e+05
  -1.4334e+01

   9.3961e+04
  -1.6866e+05
  -1.4416e+01

   9.4469e+04
  -1.6970e+05
  -1.4498e+01

   9.4978e+04
  -1.7074e+05
  -1.4580e+01

   9.5487e+04
  -1.7177e+05
  -1.4662e+01

   9.5996e+04
  -1.7281e+05
  -1.4744e+01

   9.6504e+04
  -1.7385e+05
  -1.4826e+01

   9.7013e+04
  -1.7488e+05
  -1.4908e+01

   9.7522e+04
  -1.7592e+05
  -1.4990e+01

   9.8031e+04
  -1.7696e+05
  -1.5072e+01

   9.8539e+04
  -1.7799e+05
  -1.5154e+01

   9.9048e+04
  -1.7903e+05
  -1.5236e+01

   9.9557e+04
  -1.8006e+05
  -1.5318e+01

   1.0007e+05
  -1.8110e+05
  -1.5400e+01

   1.0057e+05
  -1.8214e+05
  -1.5482e+01

   1.0108e+05
  -1.8317e+05
  -1.5564e+01

   1.0159e+05
  -1.8421e+05
  -1.5646e+01

   1.0210e+05
  -1.8525e+05
  -1.5728e+01

   1.0261e+05
  -1.8628e+05
  -1.5810e+01

   1.0312e+05
  -1.8732e+05
  -1.5892e+01

   1.0363e+05
  -1.8836e+05
  -1.5975e+01

   1.0414e+05
  -1.8939e+05
  -1.6057e+01

   1.0464e+05
  -1.9043e+05
  -1.6139e+01

   1.0515e+05
  -1.9147e+05
  -1.6221e+01

   1.0566e+05
  -1.9250e+05
  -1.6303e+01

   1.0617e+05
  -1.9354e+05
  -1.6385e+01

   1.0668e+05
  -1.9457e+05
  -1.6467e+01

   1.0719e+05
  -1.9561e+05
  -1.6549e+01

   1.0770e+05
  -1.9665e+05
  -1.6631e+01

   1.0821e+05
  -1.9768e+05
  -1.6713e+01

   1.0871e+05
  -1.9872e+05
  -1.6795e+01

   1.0922e+05
  -1.9976e+05
  -1.6877e+01

   1.0973e+05
  -2.0079e+05
  -1.6959e+01

   1.1024e+05
  -2.0183e+05
  -1.7041e+01

   1.1075e+05
  -2.0287e+05
  -1.7123e+01

   1.1126e+05
  -2.0390e+05
  -1.7205e+01

   1.1177e+05
  -2.0494e+05
  -1.7287e+01

   1.1228e+05
  -2.0598e+05
  -1.7369e+01

   1.1278e+05
  -2.0701e+05
  -1.7451e+01

   1.1329e+05
  -2.0805e+05
  -1.7534e+01

   1.1380e+05
  -2.0908e+05
  -1.7616e+01

   1.1431e+05
  -2.1012e+05
  -1.7698e+01

   1.1482e+05
  -2.1116e+05
  -1.7780e+01

   1.1533e+05
  -2.1219e+05
  -1.7862e+01

   1.1584e+05
  -2.1323e+05
  -1.7944e+01

   1.1635e+05
  -2.1427e+05
  -1.8026e+01

   1.1685e+05
  -2.1530e+05
  -1.8108e+01

   1.1736e+05
  -2.1634e+05
  -1.8190e+01

   1.1787e+05
  -2.1738e+05
  -1.8272e+01

   1.1838e+05
  -2.1841e+05
  -1.8354e+01

   1.1889e+05
  -2.1945e+05
  -1.8436e+01

   1.1940e+05
  -2.2048e+05
  -1.8518e+01

   1.1991e+05
  -2.2152e+05
  -1.8600e+01

   1.2042e+05
  -2.2256e+05
  -1.8682e+01

   1.2092e+05
  -2.2359e+05
  -1.8764e+01

   1.2143e+05
  -2.2463e+05
  -1.8846e+01

   1.2194e+05
  -2.2567e+05
  -1.8928e+01

   1.2245e+05
  -2.2670e+05
  -1.9010e+01

   1.2296e+05
  -2.2774e+05
  -1.9092e+01

   1.2347e+05
  -2.2878e+05
  -1.9175e+01

   1.2398e+05
  -2.2981e+05
  -1.9257e+01

   1.2449e+05
  -2.3085e+05
  -1.9339e+01

   1.2499e+05
  -2.3189e+05
  -1.9421e+01

   1.2550e+05
  -2.3292e+05
  -1.9503e+01

   1.2601e+05
  -2.3396e+05
  -1.9585e+01

   1.2652e+05
  -2.3499e+05
  -1.9667e+01

   1.2703e+05
  -2.3603e+05
  -1.9749e+01

   1.2754e+05
  -2.3707e+05
  -1.9831e+01

   1.2805e+05
  -2.3810e+05
  -1.9913e+01

   1.2856e+05
  -2.3914e+05
  -1.9995e+01

   1.2906e+05
  -2.4018e+05
  -2.0077e+01

   1.2957e+05
  -2.4121e+05
  -2.0159e+01

   1.3008e+05
  -2.4225e+05
  -2.0241e+01

   1.3059e+05
  -2.4329e+05
  -2.0323e+01

   1.3110e+05
  -2.4432e+05
  -2.0405e+01

   1.3161e+05
  -2.4536e+05
  -2.0487e+01

   1.3212e+05
  -2.4640e+05
  -2.0569e+01

   1.3263e+05
  -2.4743e+05
  -2.0651e+01

   1.3313e+05
  -2.4847e+05
  -2.0734e+01

   1.3364e+05
  -2.4950e+05
  -2.0816e+01

   1.3415e+05
  -2.5054e+05
  -2.0898e+01

   1.3466e+05
  -2.5158e+05
  -2.0980e+01

   1.3517e+05
  -2.5261e+05
  -2.1062e+01

   1.3568e+05
  -2.5365e+05
  -2.1144e+01

   1.3619e+05
  -2.5469e+05
  -2.1226e+01

   1.3670e+05
  -2.5572e+05
  -2.1308e+01

   1.3720e+05
  -2.5676e+05
  -2.1390e+01

   1.3771e+05
  -2.5780e+05
  -2.1472e+01

   1.3822e+05
  -2.5883e+05
  -2.1554e+01

   1.3873e+05
  -2.5987e+05
  -2.1636e+01

   1.3924e+05
  -2.6090e+05
  -2.1718e+01

   1.3975e+05
  -2.6194e+05
  -2.1800e+01

   1.4026e+05
  -2.6298e+05
  -2.1882e+01

   1.4077e+05
  -2.6401e+05
  -2.1964e+01

   1.4127e+05
  -2.6505e+05
  -2.2046e+01

   1.4178e+05
  -2.6609e+05
  -2.2128e+01

   1.4229e+05
  -2.6712e+05
  -2.2210e+01

   1.4280e+05
  -2.6816e+05
  -2.2292e+01

   1.4331e+05
  -2.6920e+05
  -2.2375e+01

   1.4382e+05
  -2.7023e+05
  -2.2457e+01

   1.4433e+05
  -2.7127e+05
  -2.2539e+01

   1.4484e+05
  -2.7231e+05
  -2.2621e+01

   1.4534e+05
  -2.7334e+05
  -2.2703e+01

   1.4585e+05
  -2.7438e+05
  -2.2785e+01

   1.4636e+05
  -2.7541e+05
  -2.2867e+01

   1.4687e+05
  -2.7645e+05
  -2.2949e+01

   1.4738e+05
  -2.7749e+05
  -2.3031e+01

   1.4789e+05
  -2.7852e+05
  -2.3113e+01

   1.4840e+05
  -2.7956e+05
  -2.3195e+01

   1.4891e+05
  -2.8060e+05
  -2.3277e+01

   1.4941e+05
  -2.8163e+05
  -2.3359e+01

   1.4992e+05
  -2.8267e+05
  -2.3441e+01

   1.5043e+05
  -2.8371e+05
  -2.3523e+01

   1.5094e+05
  -2.8474e+05
  -2.3605e+01

   1.5145e+05
  -2.8578e+05
  -2.3687e+01

   1.5196e+05
  -2.8682e+05
  -2.3769e+01

   1.5247e+05
  -2.8785e+05
  -2.3851e+01

   1.5298e+05
  -2.8889e+05
  -2.3934e+01

   1.5348e+05
  -2.8992e+05
  -2.4016e+01

   1.5399e+05
  -2.9096e+05
  -2.4098e+01

   1.5450e+05
  -2.9200e+05
  -2.4180e+01

   1.5501e+05
  -2.9303e+05
  -2.4262e+01

   1.5552e+05
  -2.9407e+05
  -2.4344e+01

   1.5603e+05
  -2.9511e+05
  -2.4426e+01

   1.5654e+05
  -2.9614e+05
  -2.4508e+01

   1.5705e+05
  -2.9718e+05
  -2.4590e+01

   1.5755e+05
  -2.9822e+05
  -2.4672e+01

   1.5806e+05
  -2.9925e+05
  -2.4754e+01

   1.5857e+05
  -3.0029e+05
  -2.4836e+01

   1.5908e+05
  -3.0132e+05
  -2.4918e+01

   1.5959e+05
  -3.0236e+05
  -2.5000e+01

   1.6010e+05
  -3.0340e+05
  -2.5082e+01

   1.6061e+05
  -3.0443e+05
  -2.5164e+01

   1.6112e+05
  -3.0547e+05
  -2.5246e+01

   1.6162e+05
  -3.0651e+05
  -2.5328e+01

   1.6213e+05
  -3.0754e+05
  -2.5410e+01

   1.6264e+05
  -3.0858e+05
  -2.5492e+01

   1.6315e+05
  -3.0962e+05
  -2.5575e+01

   1.6366e+05
  -3.1065e+05
  -2.5657e+01

   1.6417e+05
  -3.1169e+05
  -2.5739e+01

   1.6468e+05
  -3.1273e+05
  -2.5821e+01

   1.6519e+05
  -3.1376e+05
  -2.5903e+01

   1.6569e+05
  -3.1480e+05
  -2.5985e+01

   1.6620e+05
  -3.1583e+05
  -2.6067e+01

   1.6671e+05
  -3.1687e+05
  -2.6149e+01

   1.6722e+05
  -3.1791e+05
  -2.6231e+01

   1.6773e+05
  -3.1894e+05
  -2.6313e+01

   1.6824e+05
  -3.1998e+05
  -2.6395e+01

   1.6875e+05
  -3.2102e+05
  -2.6477e+01

   1.6926e+05
  -3.2205e+05
  -2.6559e+01

   1.6976e+05
  -3.2309e+05
  -2.6641e+01

   1.7027e+05
  -3.2413e+05
  -2.6723e+01

   1.7078e+05
  -3.2516e+05
  -2.6805e+01

   1.7129e+05
  -3.2620e+05
  -2.6887e+01

   1.7180e+05
  -3.2724e+05
  -2.6969e+01

   1.7231e+05
  -3.2827e+05
  -2.7051e+01

   1.7282e+05
  -3.2931e+05
  -2.7134e+01

   1.7333e+05
  -3.3034e+05
  -2.7216e+01

   1.7383e+05
  -3.3138e+05
  -2.7298e+01

   1.7434e+05
  -3.3242e+05
  -2.7380e+01

   1.7485e+05
  -3.3345e+05
  -2.7462e+01

   1.7536e+05
  -3.3449e+05
  -2.7544e+01

   1.7587e+05
  -3.3553e+05
  -2.7626e+01

   1.7638e+05
  -3.3656e+05
  -2.7708e+01

   1.7689e+05
  -3.3760e+05
  -2.7790e+01

   1.7740e+05
  -3.3864e+05
  -2.7872e+01

   1.7790e+05
  -3.3967e+05
  -2.7954e+01

   1.7841e+05
  -3.4071e+05
  -2.8036e+01

   1.7892e+05
  -3.4175e+05
  -2.8118e+01

   1.7943e+05
  -3.4278e+05
  -2.8200e+01

   1.7994e+05
  -3.4382e+05
  -2.8282e+01

   1.8045e+05
  -3.4485e+05
  -2.8364e+01

   1.8096e+05
  -3.4589e+05
  -2.8446e+01

   1.8147e+05
  -3.4693e+05
  -2.8528e+01

   1.8197e+05
  -3.4796e+05
  -2.8610e+01

   1.8248e+05
  -3.4900e+05
  -2.8692e+01

   1.8299e+05
  -3.5004e+05
  -2.8775e+01

   1.8350e+05
  -3.5107e+05
  -2.8857e+01

   1.8401e+05
  -3.5211e+05
  -2.8939e+01

   1.8452e+05
  -3.5315e+05
  -2.9021e+01

   1.8503e+05
  -3.5418e+05
  -2.9103e+01

   1.8554e+05
  -3.5522e+05
  -2.9185e+01

   1.8604e+05
  -3.5625e+05
  -2.9267e+01

   1.8655e+05
  -3.5729e+05
  -2.9349e+01

   1.8706e+05
  -3.5833e+05
  -2.9431e+01

   1.8757e+05
  -3.5936e+05
  -2.9513e+01

   1.8808e+05
  -3.6040e+05
  -2.9595e+01

   1.8859e+05
  -3.6144e+05
  -2.9677e+01

   1.8910e+05
  -3.6247e+05
  -2.9759e+01

   1.8961e+05
  -3.6351e+05
  -2.9841e+01

   1.9011e+05
  -3.6455e+05
  -2.9923e+01

   1.9062e+05
  -3.6558e+05
  -3.0005e+01

   1.9113e+05
  -3.6662e+05
  -3.0087e+01

   1.9164e+05
  -3.6766e+05
  -3.0169e+01

   1.9215e+05
  -3.6869e+05
  -3.0251e+01

   1.9266e+05
  -3.6973e+05
  -3.0334e+01

   1.9317e+05
  -3.7076e+05
  -3.0416e+01

   1.9368e+05
  -3.7180e+05
  -3.0498e+01

   1.9418e+05
  -3.7284e+05
  -3.0580e+01

   1.9469e+05
  -3.7387e+05
  -3.0662e+01

   1.9520e+05
  -3.7491e+05
  -3.0744e+01

   1.9571e+05
  -3.7595e+05
  -3.0826e+01

   1.9622e+05
  -3.7698e+05
  -3.0908e+01

   1.9673e+05
  -3.7802e+05
  -3.0990e+01

   1.9724e+05
  -3.7906e+05
  -3.1072e+01

   1.9775e+05
  -3.8009e+05
  -3.1154e+01

   1.9825e+05
  -3.8113e+05
  -3.1236e+01

   1.9876e+05
  -3.8217e+05
  -3.1318e+01

   1.9927e+05
  -3.8320e+05
  -3.1400e+01

   1.9978e+05
  -3.8424e+05
  -3.1482e+01

   2.0029e+05
  -3.8527e+05
  -3.1564e+01

   2.0080e+05
  -3.8631e+05
  -3.1646e+01

   2.0131e+05
  -3.8735e+05
  -3.1728e+01

   2.0182e+05
  -3.8838e+05
  -3.1810e+01

   2.0232e+05
  -3.8942e+05
  -3.1892e+01

   2.0283e+05
  -3.9046e+05
  -3.1975e+01

   2.0334e+05
  -3.9149e+05
  -3.2057e+01

   2.0385e+05
  -3.9253e+05
  -3.2139e+01

   2.0436e+05
  -3.9357e+05
  -3.2221e+01

   2.0487e+05
  -3.9460e+05
  -3.2303e+01

   2.0538e+05
  -3.9564e+05
  -3.2385e+01

   2.0589e+05
  -3.9667e+05
  -3.2467e+01

   2.0639e+05
  -3.9771e+05
  -3.2549e+01

   2.0690e+05
  -3.9875e+05
  -3.2631e+01

   2.0741e+05
  -3.9978e+05
  -3.2713e+01

   2.0792e+05
  -4.0082e+05
  -3.2795e+01

   2.0843e+05
  -4.0186e+05
  -3.2877e+01

   2.0894e+05
  -4.0289e+05
  -3.2959e+01

   2.0945e+05
  -4.0393e+05
  -3.3041e+01

   2.0996e+05
  -4.0497e+05
  -3.3123e+01

   2.1046e+05
  -4.0600e+05
  -3.3205e+01

   2.1097e+05
  -4.0704e+05
  -3.3287e+01

   2.1148e+05
  -4.0808e+05
  -3.3369e+01

   2.1199e+05
  -4.0911e+05
  -3.3451e+01

   2.1250e+05
  -4.1015e+05
  -3.3534e+01

   2.1301e+05
  -4.1118e+05
  -3.3616e+01

   2.1352e+05
  -4.1222e+05
  -3.3698e+01

   2.1403e+05
  -4.1326e+05
  -3.3780e+01

   2.1453e+05
  -4.1429e+05
  -3.3862e+01

   2.1504e+05
  -4.1533e+05
  -3.3944e+01

   2.1555e+05
  -4.1637e+05
  -3.4026e+01

   2.1606e+05
  -4.1740e+05
  -3.4108e+01

   2.1657e+05
  -4.1844e+05
  -3.4190e+01

   2.1708e+05
  -4.1948e+05
  -3.4272e+01

   2.1759e+05
  -4.2051e+05
  -3.4354e+01

   2.1810e+05
  -4.2155e+05
  -3.4436e+01

   2.1860e+05
  -4.2259e+05
  -3.4518e+01

   2.1911e+05
  -4.2362e+05
  -3.4600e+01

   2.1962e+05
  -4.2466e+05
  -3.4682e+01

   2.2013e+05
  -4.2569e+05
  -3.4764e+01

   2.2064e+05
  -4.2673e+05
  -3.4846e+01

   2.2115e+05
  -4.2777e+05
  -3.4928e+01

   2.2166e+05
  -4.2880e+05
  -3.5010e+01

   2.2217e+05
  -4.2984e+05
  -3.5092e+01

   2.2267e+05
  -4.3088e+05
  -3.5175e+01

   2.2318e+05
  -4.3191e+05
  -3.5257e+01

   2.2369e+05
  -4.3295e+05
  -3.5339e+01

   2.2420e+05
  -4.3399e+05
  -3.5421e+01

   2.2471e+05
  -4.3502e+05
  -3.5503e+01

   2.2522e+05
  -4.3606e+05
  -3.5585e+01

   2.2573e+05
  -4.3709e+05
  -3.5667e+01

   2.2624e+05
  -4.3813e+05
  -3.5749e+01

   2.2674e+05
  -4.3917e+05
  -3.5831e+01

   2.2725e+05
  -4.4020e+05
  -3.5913e+01

   2.2776e+05
  -4.4124e+05
  -3.5995e+01

   2.2827e+05
  -4.4228e+05
  -3.6077e+01

   2.2878e+05
  -4.4331e+05
  -3.6159e+01

   2.2929e+05
  -4.4435e+05
  -3.6241e+01

   2.2980e+05
  -4.4539e+05
  -3.6323e+01

   2.3031e+05
  -4.4642e+05
  -3.6405e+01

   2.3081e+05
  -4.4746e+05
  -3.6487e+01

   2.3132e+05
  -4.4850e+05
  -3.6569e+01

   2.3183e+05
  -4.4953e+05
  -3.6651e+01

   2.3234e+05
  -4.5057e+05
  -3.6734e+01

   2.3285e+05
  -4.5160e+05
  -3.6816e+01

   2.3336e+05
  -4.5264e+05
  -3.6898e+01

   2.3387e+05
  -4.5368e+05
  -3.6980e+01

   2.3438e+05
  -4.5471e+05
  -3.7062e+01

   2.3488e+05
  -4.5575e+05
  -3.7144e+01

   2.3539e+05
  -4.5679e+05
  -3.7226e+01

   2.3590e+05
  -4.5782e+05
  -3.7308e+01

   2.3641e+05
  -4.5886e+05
  -3.7390e+01

   2.3692e+05
  -4.5990e+05
  -3.7472e+01

   2.3743e+05
  -4.6093e+05
  -3.7554e+01

   2.3794e+05
  -4.6197e+05
  -3.7636e+01

   2.3845e+05
  -4.6301e+05
  -3.7718e+01

   2.3895e+05
  -4.6404e+05
  -3.7800e+01

   2.3946e+05
  -4.6508e+05
  -3.7882e+01

   2.3997e+05
  -4.6611e+05
  -3.7964e+01

   2.4048e+05
  -4.6715e+05
  -3.8046e+01

   2.4099e+05
  -4.6819e+05
  -3.8128e+01

   2.4150e+05
  -4.6922e+05
  -3.8210e+01

   2.4201e+05
  -4.7026e+05
  -3.8292e+01

   2.4252e+05
  -4.7130e+05
  -3.8375e+01

   2.4302e+05
  -4.7233e+05
  -3.8457e+01

   2.4353e+05
  -4.7337e+05
  -3.8539e+01

   2.4404e+05
  -4.7441e+05
  -3.8621e+01

   2.4455e+05
  -4.7544e+05
  -3.8703e+01

   2.4506e+05
  -4.7648e+05
  -3.8785e+01

   2.4557e+05
  -4.7751e+05
  -3.8867e+01

   2.4608e+05
  -4.7855e+05
  -3.8949e+01

   2.4659e+05
  -4.7959e+05
  -3.9031e+01

   2.4709e+05
  -4.8062e+05
  -3.9113e+01

   2.4760e+05
  -4.8166e+05
  -3.9195e+01

   2.4811e+05
  -4.8270e+05
  -3.9277e+01

   2.4862e+05
  -4.8373e+05
  -3.9359e+01

   2.4913e+05
  -4.8477e+05
  -3.9441e+01

   2.4964e+05
  -4.8581e+05
  -3.9523e+01

   2.5015e+05
  -4.8684e+05
  -3.9605e+01

   2.5066e+05
  -4.8788e+05
  -3.9687e+01

   2.5116e+05
  -4.8892e+05
  -3.9769e+01

   2.5167e+05
  -4.8995e+05
  -3.9851e+01

   2.5218e+05
  -4.9099e+05
  -3.9934e+01

   2.5269e+05
  -4.9202e+05
  -4.0016e+01

   2.5320e+05
  -4.9306e+05
  -4.0098e+01

   2.5371e+05
  -4.9410e+05
  -4.0180e+01

   2.5422e+05
  -4.9513e+05
  -4.0262e+01

   2.5473e+05
  -4.9617e+05
  -4.0344e+01

   2.5523e+05
  -4.9721e+05
  -4.0426e+01

   2.5574e+05
  -4.9824e+05
  -4.0508e+01

   2.5625e+05
  -4.9928e+05
  -4.0590e+01

   2.5676e+05
  -5.0032e+05
  -4.0672e+01

   2.5727e+05
  -5.0135e+05
  -4.0754e+01

   2.5778e+05
  -5.0239e+05
  -4.0836e+01

   2.5829e+05
  -5.0343e+05
  -4.0918e+01

   2.5880e+05
  -5.0446e+05
  -4.1000e+01

   2.5930e+05
  -5.0550e+05
  -4.1082e+01

   2.5981e+05
  -5.0653e+05
  -4.1164e+01

   2.6032e+05
  -5.0757e+05
  -4.1246e+01

   2.6083e+05
  -5.0861e+05
  -4.1328e+01

   2.6134e+05
  -5.0964e+05
  -4.1410e+01

