0.1	100
   1.0000
        0
   1.0000

   1.0000
   0.1000
   1.0000

   1.0265
   0.2000
   0.9952

   1.0795
   0.2939
   0.9856

   1.1575
   0.3755
   0.9711

   1.2578
   0.4390
   0.9520

   1.3762
   0.4792
   0.9281

   1.5072
   0.4920
   0.8997

   1.6447
   0.4745
   0.8668

   1.7816
   0.4249
   0.8296

   1.9105
   0.3436
   0.7881

   2.0242
   0.2323
   0.7427

   2.1156
   0.0944
   0.6935

   2.1787
  -0.0649
   0.6408

   2.2085
  -0.2392
   0.5847

   2.2016
  -0.4209
   0.5255

   2.1563
  -0.6014
   0.4634

   2.0728
  -0.7721
   0.3989

   1.9534
  -0.9241
   0.3321

   1.8025
  -1.0492
   0.2634

   1.6260
  -1.1402
   0.1931

   1.4321
  -1.1912
   0.1216

   1.2297
  -1.1983
   0.0491

   1.0291
  -1.1595
  -0.0240

   0.8408
  -1.0753
  -0.0973

   0.6752
  -0.9486
  -0.1705

   0.5422
  -0.7845
  -0.2433

   0.4503
  -0.5908
  -0.3152

   0.4064
  -0.3768
  -0.3859

   0.4151
  -0.1536
  -0.4551

   0.4785
   0.0665
  -0.5225

   0.5959
   0.2711
  -0.5877

   0.7637
   0.4475
  -0.6503

   0.9754
   0.5842
  -0.7102

   1.2218
   0.6709
  -0.7669

   1.4915
   0.6998
  -0.8201

   1.7711
   0.6653
  -0.8697

   2.0460
   0.5652
  -0.9153

   2.3010
   0.4005
  -0.9568

   2.5213
   0.1757
  -0.9938

   2.6930
  -0.1011
  -1.0263

   2.8042
  -0.4188
  -1.0539

   2.8453
  -0.7636
  -1.0766

   2.8102
  -1.1192
  -1.0942

   2.6962
  -1.4683
  -1.1067

   2.5050
  -1.7926
  -1.1138

   2.2423
  -2.0744
  -1.1157

   1.9176
  -2.2972
  -1.1122

   1.5448
  -2.4469
  -1.1033

   1.1405
  -2.5124
  -1.0890

   0.7241
  -2.4863
  -1.0694

   0.3168
  -2.3661
  -1.0446

  -0.0598
  -2.1538
  -1.0147

  -0.3846
  -1.8565
  -0.9797

  -0.6379
  -1.4862
  -0.9398

  -0.8029
  -1.0594
  -0.8952

  -0.8668
  -0.5964
  -0.8461

  -0.8211
  -0.1206
  -0.7927

  -0.6629
   0.3428
  -0.7352

  -0.3951
   0.7678
  -0.6739

  -0.0266
   1.1291
  -0.6090

   0.4280
   1.4036
  -0.5409

   0.9486
   1.5713
  -0.4699

   1.5106
   1.6171
  -0.3962

   2.0859
   1.5313
  -0.3203

   2.6442
   1.3109
  -0.2425

   3.1544
   0.9597
  -0.1631

   3.5864
   0.4889
  -0.0826

   3.9127
  -0.0837
  -0.0013

   4.1098
  -0.7336
   0.0804

   4.1598
  -1.4312
   0.1621

   4.0517
  -2.1426
   0.2434

   3.7823
  -2.8314
   0.3240

   3.3569
  -3.4606
   0.4034

   2.7890
  -3.9941
   0.4812

   2.1008
  -4.3992
   0.5570

   1.3218
  -4.6482
   0.6306

   0.4879
  -4.7202
   0.7015

  -0.3602
  -4.6026
   0.7693

  -1.1788
  -4.2922
   0.8338

  -1.9236
  -3.7958
   0.8945

  -2.5516
  -3.1304
   0.9513

  -3.0241
  -2.3229
   1.0037

  -3.3083
  -1.4091
   1.0515

  -3.3797
  -0.4326
   1.0945

  -3.2240
   0.5578
   1.1325

  -2.8379
   1.5096
   1.1652

  -2.2305
   2.3698
   1.1924

  -1.4227
   3.0874
   1.2140

  -0.4476
   3.6162
   1.2299

   0.6515
   3.9176
   1.2399

   1.8221
   3.9631
   1.2440

   3.0051
   3.7362
   1.2422

   4.1380
   3.2340
   1.2343

   5.1571
   2.4680
   1.2205

   6.0018
   1.4644
   1.2007

   6.6172
   0.2633
   1.1750

   6.9579
  -1.0824
   1.1436

   6.9906
  -2.5095
   1.1065

   6.6963
  -3.9470
   1.0639

   6.0728
  -5.3198
   1.0159

   5.1348
  -6.5519
   0.9629

   3.9148
  -7.5710
   0.9049

   2.4618
  -8.3121
   0.8423

   0.8397
  -8.7216
   0.7754

  -0.8750
  -8.7605
   0.7044

  -2.5970
  -8.4076
   0.6297

  -4.2362
  -7.6611
   0.5515

  -5.7019
  -6.5402
   0.4704

  -6.9079
  -5.0848
   0.3865

  -7.7772
  -3.3548
   0.3005

  -8.2466
  -1.4277
   0.2125

  -8.2707
   0.6043
   0.1231

  -7.8254
   2.6387
   0.0327

  -6.9102
   4.5673
  -0.0583

  -5.5494
   6.2820
  -0.1495

  -3.7925
   7.6799
  -0.2403

  -1.7122
   8.6700
  -0.3305

   0.5972
   9.1776
  -0.4195

   3.0248
   9.1501
  -0.5069

   5.4472
   8.5601
  -0.5923

   7.7348
   7.4089
  -0.6753

   9.7584
   5.7276
  -0.7554

   11.3957
    3.5768
   -0.8322

   12.5387
    1.0455
   -0.9054

   13.0996
   -1.7523
   -0.9746

   13.0171
   -4.6827
   -1.0395

   12.2605
   -7.5974
   -1.0996

   10.8335
  -10.3412
   -1.1548

    8.7753
  -12.7597
   -1.2046

    6.1609
  -14.7075
   -1.2489

    3.0986
  -16.0566
   -1.2874

   -0.2737
  -16.7037
   -1.3199

   -3.7944
  -16.5775
   -1.3461

   -7.2853
  -15.6439
   -1.3661

  -10.5605
  -13.9096
   -1.3795

  -13.4357
  -11.4243
   -1.3863

  -15.7380
   -8.2803
   -1.3866

  -17.3155
   -4.6094
   -1.3801

  -18.0471
   -0.5786
   -1.3670

  -17.8498
    3.6172
   -1.3472

  -16.6857
    7.7641
   -1.3208

  -14.5661
   11.6395
   -1.2879

  -11.5536
   15.0232
   -1.2487

   -7.7614
   17.7095
   -1.2033

   -3.3502
   19.5190
   -1.1519

    1.4780
   20.3089
   -1.0947

    6.4883
   19.9834
   -1.0319

   11.4238
   18.5003
   -0.9638

   16.0179
   15.8770
   -0.8908

   20.0077
   12.1920
   -0.8132

   23.1489
    7.5846
   -0.7312

   25.2289
    2.2503
   -0.6454

   26.0803
   -3.5667
   -0.5560

   25.5917
   -9.5832
   -0.4635

   23.7173
  -15.4906
   -0.3683

   20.4822
  -20.9698
   -0.2709

   15.9848
  -25.7074
   -0.1717

   10.3961
  -29.4125
   -0.0713

    3.9537
  -31.8339
    0.0300

   -3.0467
  -32.7749
    0.1317

  -10.2642
  -32.1071
    0.2332

  -17.3281
  -29.7803
    0.3341

  -23.8565
  -25.8299
    0.4338

  -29.4755
  -20.3794
    0.5319

  -33.8396
  -13.6381
    0.6280

  -36.6514
   -5.8950
    0.7215

  -37.6804
    2.4922
    0.8119

  -36.7781
   11.1129
    0.8989

  -33.8908
   19.5225
    0.9820

  -29.0672
   27.2635
    1.0608

  -22.4614
   33.8902
    1.1348

  -14.3299
   38.9920
    1.2037

   -5.0242
   42.2174
    1.2671

    5.0237
   43.2961
    1.3248

   15.3192
   42.0571
    1.3763

   25.3285
   38.4434
    1.4215

   34.5046
   32.5210
    1.4601

   42.3156
   24.4816
    1.4918

   48.2740
   14.6399
    1.5164

   51.9646
    3.4224
    1.5339

   53.0705
   -8.6485
    1.5441

   51.3950
  -20.9774
    1.5469

   46.8788
  -32.9237
    1.5422

   39.6099
  -43.8331
    1.5301

   29.8271
  -53.0715
    1.5106

   17.9153
  -60.0600
    1.4837

    4.3925
  -64.3082
    1.4496

  -10.1099
  -65.4449
    1.4083

  -24.8755
  -63.2446
    1.3600

  -39.1357
  -57.6466
    1.3049

  -52.1078
  -48.7673
    1.2433

  -63.0362
  -36.9033
    1.1754

  -71.2335
  -22.5255
    1.1015

  -76.1207
   -6.2627
    1.0219

  -77.2636
   11.1225
    0.9371

  -74.4037
   28.7679
    0.8473

  -67.4813
   45.7514
    0.7530

  -56.6487
   61.1375
    0.6547

  -42.2739
   74.0253
    0.5527

  -24.9323
   83.5993
    0.4475

   -5.3874
   89.1760
    0.3397

   15.4403
   90.2479
    0.2297

   36.5131
   86.5196
    0.1181

   56.7254
   77.9347
    0.0054

   74.9586
   64.6914
   -0.1078

   90.1396
   47.2456
   -0.2211

   1.0130e+02
   2.6300e+01
  -3.3392e-01

   1.0764e+02
   2.7813e+00
  -4.4564e-01

   1.0855e+02
  -2.2200e+01
  -5.5575e-01

   1.0371e+02
  -4.7394e+01
  -6.6371e-01

   93.0657
  -71.4769
   -0.7690

   76.8717
  -93.1106
   -0.8711

   5.5693e+01
  -1.1102e+02
  -9.6948e-01

   3.0388e+01
  -1.2405e+02
  -1.0637e+00

   2.0786e+00
  -1.3125e+02
  -1.1532e+00

  -2.7892e+01
  -1.3194e+02
  -1.2376e+00

  -5.8024e+01
  -1.2573e+02
  -1.3164e+00

  -8.6726e+01
  -1.1258e+02
  -1.3893e+00

  -1.1240e+02
  -9.2822e+01
  -1.4559e+00

  -1.3353e+02
  -6.7153e+01
  -1.5157e+00

  -1.4875e+02
  -3.6620e+01
  -1.5686e+00

  -1.5694e+02
  -2.5848e+00
  -1.6141e+00

  -1.5729e+02
   3.3334e+01
  -1.6521e+00

  -1.4937e+02
   6.9331e+01
  -1.6823e+00

  -1.3316e+02
   1.0350e+02
  -1.7046e+00

  -1.0908e+02
   1.3394e+02
  -1.7188e+00

  -7.7998e+01
   1.5882e+02
  -1.7247e+00

  -4.1184e+01
   1.7655e+02
  -1.7224e+00

  -2.9114e-01
   1.8579e+02
  -1.7118e+00

   4.2728e+01
   1.8561e+02
  -1.6929e+00

   8.5704e+01
   1.7552e+02
  -1.6657e+00

   1.2635e+02
   1.5553e+02
  -1.6304e+00

   1.6240e+02
   1.2618e+02
  -1.5870e+00

   1.9168e+02
   8.8518e+01
  -1.5359e+00

   2.1228e+02
   4.4113e+01
  -1.4770e+00

   2.2265e+02
  -5.0395e+00
  -1.4108e+00

   2.2170e+02
  -5.6583e+01
  -1.3374e+00

   2.0887e+02
  -1.0791e+02
  -1.2573e+00

   1.8422e+02
  -1.5628e+02
  -1.1707e+00

   1.4843e+02
  -1.9898e+02
  -1.0781e+00

   1.0279e+02
  -2.3344e+02
  -9.7984e-01

   4.9220e+01
  -2.5739e+02
  -8.7638e-01

  -9.8706e+00
  -2.6900e+02
  -7.6820e-01

  -7.1639e+01
  -2.6700e+02
  -6.5580e-01

  -1.3295e+02
  -2.5078e+02
  -5.3970e-01

  -1.9053e+02
  -2.2044e+02
  -4.2045e-01

  -2.4112e+02
  -1.7683e+02
  -2.9859e-01

  -2.8167e+02
  -1.2158e+02
  -1.7471e-01

  -3.0950e+02
  -5.6992e+01
  -4.9394e-02

  -3.2245e+02
   1.4006e+01
   7.6765e-02

  -3.1906e+02
   8.7987e+01
   2.0316e-01

  -2.9863e+02
   1.6118e+02
   3.2919e-01

  -2.6134e+02
   2.2967e+02
   4.5424e-01

  -2.0828e+02
   2.8957e+02
   5.7770e-01

  -1.4143e+02
   3.3725e+02
   6.9898e-01

  -6.3597e+01
   3.6953e+02
   8.1747e-01

   2.1665e+01
   3.8387e+02
   9.3260e-01

   1.1023e+02
   3.7858e+02
   1.0438e+00

   1.9757e+02
   3.5289e+02
   1.1505e+00

   2.7899e+02
   3.0708e+02
   1.2522e+00

   3.4986e+02
   2.4252e+02
   1.3483e+00

   4.0585e+02
   1.6163e+02
   1.4384e+00

   4.4321e+02
   6.7843e+01
   1.5220e+00

   4.5896e+02
  -3.4550e+01
   1.5987e+00

   4.5113e+02
  -1.4057e+02
   1.6681e+00

   4.1888e+02
  -2.4479e+02
   1.7297e+00

   3.6261e+02
  -3.4158e+02
   1.7833e+00

   2.8405e+02
  -4.2542e+02
   1.8286e+00

   1.8618e+02
  -4.9116e+02
   1.8653e+00

   7.3159e+01
  -5.3436e+02
   1.8932e+00

  -4.9813e+01
  -5.5153e+02
   1.9122e+00

  -1.7674e+02
  -5.4037e+02
   1.9220e+00

  -3.0111e+02
  -4.9998e+02
   1.9225e+00

  -4.1617e+02
  -4.3095e+02
   1.9139e+00

  -5.1534e+02
  -3.3542e+02
   1.8960e+00

  -5.9251e+02
  -2.1705e+02
   1.8688e+00

  -6.4241e+02
  -8.0902e+01
   1.8326e+00

  -6.6097e+02
   6.6737e+01
   1.7873e+00

  -6.4552e+02
   2.1865e+02
   1.7332e+00

  -5.9508e+02
   3.6700e+02
   1.6705e+00

  -5.1048e+02
   5.0374e+02
   1.5994e+00

  -3.9439e+02
   6.2099e+02
   1.5204e+00

  -2.5129e+02
   7.1149e+02
   1.4336e+00

  -8.7356e+01
   7.6904e+02
   1.3394e+00

   8.9833e+01
   7.8883e+02
   1.2384e+00

   2.7158e+02
   7.6781e+02
   1.1310e+00

   4.4847e+02
   7.0493e+02
   1.0175e+00

   6.1089e+02
   6.0130e+02
   8.9865e-01

   7.4943e+02
   4.6026e+02
   7.7488e-01

   8.5548e+02
   2.8732e+02
   6.4677e-01

   9.2169e+02
   8.9946e+01
   5.1493e-01

   9.4244e+02
  -1.2268e+02
   3.7998e-01

   9.1422e+02
  -3.4008e+02
   2.4255e-01

   8.3591e+02
  -5.5098e+02
   1.0329e-01

   7.0903e+02
  -7.4385e+02
  -3.7141e-02

   5.3772e+02
  -9.0749e+02
  -1.7807e-01

   3.2871e+02
  -1.0317e+03
  -3.1881e-01

   9.1103e+01
  -1.1077e+03
  -4.5871e-01

  -1.6403e+02
  -1.1290e+03
  -5.9706e-01

  -4.2407e+02
  -1.0916e+03
  -7.3321e-01

  -6.7549e+02
  -9.9426e+02
  -8.6648e-01

  -9.0450e+02
  -8.3902e+02
  -9.9622e-01

  -1.0978e+03
  -6.3102e+02
  -1.1218e+00

  -1.2431e+03
  -3.7851e+02
  -1.2426e+00

  -1.3303e+03
  -9.2530e+01
  -1.3579e+00

  -1.3516e+03
   2.1354e+02
  -1.4673e+00

  -1.3025e+03
   5.2452e+02
  -1.5702e+00

  -1.1817e+03
   8.2417e+02
  -1.6659e+00

  -9.9187e+02
   1.0960e+03
  -1.7541e+00

  -7.3946e+02
   1.3241e+03
  -1.8343e+00

  -4.3451e+02
   1.4941e+03
  -1.9061e+00

  -9.0414e+01
   1.5939e+03
  -1.9690e+00

   2.7665e+02
   1.6143e+03
  -2.0227e+00

   6.4844e+02
   1.5503e+03
  -2.0670e+00

   1.0055e+03
   1.4006e+03
  -2.1015e+00

   1.3280e+03
   1.1687e+03
  -2.1261e+00

   1.5971e+03
   8.6248e+02
  -2.1405e+00

   1.7957e+03
   4.9429e+02
  -2.1447e+00

   1.9095e+03
   8.0354e+01
  -2.1386e+00

   1.9280e+03
  -3.5979e+02
  -2.1222e+00

   1.8450e+03
  -8.0418e+02
  -2.0954e+00

   1.6597e+03
  -1.2295e+03
  -2.0585e+00

   1.3765e+03
  -1.6121e+03
  -2.0114e+00

   1.0051e+03
  -1.9294e+03
  -1.9545e+00

   5.6061e+02
  -2.1613e+03
  -1.8878e+00

   6.2729e+01
  -2.2907e+03
  -1.8118e+00

  -4.6497e+02
  -2.3055e+03
  -1.7266e+00

  -9.9608e+02
  -2.1987e+03
  -1.6328e+00

  -1.5026e+03
  -1.9696e+03
  -1.5306e+00

  -1.9564e+03
  -1.6239e+03
  -1.4205e+00

  -2.3305e+03
  -1.1736e+03
  -1.3031e+00

  -2.6009e+03
  -6.3712e+02
  -1.1788e+00

  -2.7477e+03
  -3.8387e+01
  -1.0483e+00

  -2.7567e+03
   5.9417e+02
  -9.1210e-01

  -2.6200e+03
   1.2288e+03
  -7.7084e-01

  -2.3370e+03
   1.8319e+03
  -6.2519e-01

  -1.9152e+03
   2.3699e+03
  -4.7582e-01

  -1.3695e+03
   2.8107e+03
  -3.2345e-01

  -7.2225e+02
   3.1258e+03
  -1.6878e-01

  -2.4179e+00
   3.2919e+03
  -1.2554e-02

   7.5565e+02
   3.2921e+03
   1.4448e-01

   1.5138e+03
   3.1178e+03
   3.0158e-01

   2.2317e+03
   2.7688e+03
   4.5798e-01

   2.8693e+03
   2.2545e+03
   6.1293e-01

   3.3884e+03
   1.5933e+03
   7.6568e-01

   3.7553e+03
   8.1253e+02
   9.1547e-01

   3.9423e+03
  -5.2705e+01
   1.0616e+00

   3.9300e+03
  -9.6101e+02
   1.2033e+00

   3.7085e+03
  -1.8665e+03
   1.3399e+00

   3.2784e+03
  -2.7209e+03
   1.4706e+00

   2.6515e+03
  -3.4763e+03
   1.5950e+00

   1.8507e+03
  -4.0873e+03
   1.7122e+00

   9.0907e+02
  -4.5139e+03
   1.8218e+00

  -1.3077e+02
  -4.7236e+03
   1.9231e+00

  -1.2189e+03
  -4.6937e+03
   2.0157e+00

  -2.3002e+03
  -4.4133e+03
   2.0990e+00

  -3.3169e+03
  -3.8837e+03
   2.1726e+00

  -4.2116e+03
  -3.1201e+03
   2.2361e+00

  -4.9304e+03
  -2.1503e+03
   2.2891e+00

  -5.4259e+03
  -1.0150e+03
   2.3313e+00

  -5.6598e+03
   2.3447e+02
   2.3626e+00

  -5.6060e+03
   1.5378e+03
   2.3826e+00

  -5.2520e+03
   2.8288e+03
   2.3912e+00

  -4.6007e+03
   4.0382e+03
   2.3883e+00

  -3.6708e+03
   5.0976e+03
   2.3740e+00

  -2.4969e+03
   5.9428e+03
   2.3481e+00

  -1.1283e+03
   6.5176e+03
   2.3108e+00

   3.7262e+02
   6.7773e+03
   2.2622e+00

   1.9334e+03
   6.6912e+03
   2.2025e+00

   3.4743e+03
   6.2456e+03
   2.1318e+00

   4.9126e+03
   5.4451e+03
   2.0506e+00

   6.1666e+03
   4.3134e+03
   1.9591e+00

   7.1598e+03
   2.8928e+03
   1.8577e+00

   7.8259e+03
   1.2435e+03
   1.7469e+00

   8.1120e+03
  -5.5929e+02
   1.6272e+00

   7.9830e+03
  -2.4279e+03
   1.4990e+00

   7.4235e+03
  -4.2669e+03
   1.3630e+00

   6.4405e+03
  -5.9770e+03
   1.2198e+00

   5.0636e+03
  -7.4606e+03
   1.0700e+00

   3.3450e+03
  -8.6271e+03
   9.1432e-01

   1.3577e+03
  -9.3978e+03
   7.5350e-01

  -8.0712e+02
  -9.7107e+03
   5.8829e-01

  -3.0440e+03
  -9.5250e+03
   4.1944e-01

  -5.2381e+03
  -8.8242e+03
   2.4777e-01

  -7.2708e+03
  -7.6179e+03
   7.4070e-02

  -9.3035e+03
  -6.4116e+03
  -9.9627e-02

  -1.1336e+04
  -5.2053e+03
  -2.7332e-01

  -1.3369e+04
  -3.9991e+03
  -4.4702e-01

  -1.5402e+04
  -2.7928e+03
  -6.2072e-01

  -1.7434e+04
  -1.5865e+03
  -7.9441e-01

  -1.9467e+04
  -3.8028e+02
  -9.6811e-01

  -2.1500e+04
   8.2599e+02
  -1.1418e+00

  -2.3532e+04
   2.0323e+03
  -1.3155e+00

  -2.5565e+04
   3.2385e+03
  -1.4892e+00

  -2.7598e+04
   4.4448e+03
  -1.6629e+00

  -2.9630e+04
   5.6511e+03
  -1.8366e+00

  -3.1663e+04
   6.8573e+03
  -2.0103e+00

  -3.3696e+04
   8.0636e+03
  -2.1840e+00

  -3.5729e+04
   9.2699e+03
  -2.3577e+00

  -3.7761e+04
   1.0476e+04
  -2.5314e+00

  -3.9794e+04
   1.1682e+04
  -2.7051e+00

  -4.1827e+04
   1.2889e+04
  -2.8788e+00

  -4.3859e+04
   1.4095e+04
  -3.0525e+00

  -4.5892e+04
   1.5301e+04
  -3.2262e+00

  -4.7925e+04
   1.6507e+04
  -3.3999e+00

  -4.9957e+04
   1.7714e+04
  -3.5736e+00

  -5.1990e+04
   1.8920e+04
  -3.7473e+00

  -5.4023e+04
   2.0126e+04
  -3.9210e+00

  -5.6056e+04
   2.1333e+04
  -4.0947e+00

  -5.8088e+04
   2.2539e+04
  -4.2684e+00

  -6.0121e+04
   2.3745e+04
  -4.4420e+00

  -6.2154e+04
   2.4951e+04
  -4.6157e+00

  -6.4186e+04
   2.6158e+04
  -4.7894e+00

  -6.6219e+04
   2.7364e+04
  -4.9631e+00

  -6.8252e+04
   2.8570e+04
  -5.1368e+00

  -7.0284e+04
   2.9776e+04
  -5.3105e+00

  -7.2317e+04
   3.0983e+04
  -5.4842e+00

  -7.4350e+04
   3.2189e+04
  -5.6579e+00

  -7.6382e+04
   3.3395e+04
  -5.8316e+00

  -7.8415e+04
   3.4601e+04
  -6.0053e+00

  -8.0448e+04
   3.5808e+04
  -6.1790e+00

  -8.2481e+04
   3.7014e+04
  -6.3527e+00

  -8.4513e+04
   3.8220e+04
  -6.5264e+00

  -8.6546e+04
   3.9427e+04
  -6.7001e+00

  -8.8579e+04
   4.0633e+04
  -6.8738e+00

  -9.0611e+04
   4.1839e+04
  -7.0475e+00

  -9.2644e+04
   4.3045e+04
  -7.2212e+00

  -9.4677e+04
   4.4252e+04
  -7.3949e+00

  -9.6709e+04
   4.5458e+04
  -7.5686e+00

  -9.8742e+04
   4.6664e+04
  -7.7423e+00

  -1.0077e+05
   4.7870e+04
  -7.9160e+00

  -1.0281e+05
   4.9077e+04
  -8.0897e+00

  -1.0484e+05
   5.0283e+04
  -8.2634e+00

  -1.0687e+05
   5.1489e+04
  -8.4371e+00

  -1.0891e+05
   5.2695e+04
  -8.6108e+00

  -1.1094e+05
   5.3902e+04
  -8.7845e+00

  -1.1297e+05
   5.5108e+04
  -8.9582e+00

  -1.1500e+05
   5.6314e+04
  -9.1319e+00

  -1.1704e+05
   5.7521e+04
  -9.3056e+00

  -1.1907e+05
   5.8727e+04
  -9.4793e+00

  -1.2110e+05
   5.9933e+04
  -9.6530e+00

  -1.2313e+05
   6.1139e+04
  -9.8267e+00

  -1.2517e+05
   6.2346e+04
  -1.0000e+01

  -1.2720e+05
   6.3552e+04
  -1.0174e+01

  -1.2923e+05
   6.4758e+04
  -1.0348e+01

  -1.3127e+05
   6.5964e+04
  -1.0521e+01

  -1.3330e+05
   6.7171e+04
  -1.0695e+01

  -1.3533e+05
   6.8377e+04
  -1.0869e+01

  -1.3736e+05
   6.9583e+04
  -1.1043e+01

  -1.3940e+05
   7.0790e+04
  -1.1216e+01

  -1.4143e+05
   7.1996e+04
  -1.1390e+01

  -1.4346e+05
   7.3202e+04
  -1.1564e+01

  -1.4549e+05
   7.4408e+04
  -1.1737e+01

  -1.4753e+05
   7.5615e+04
  -1.1911e+01

  -1.4956e+05
   7.6821e+04
  -1.2085e+01

  -1.5159e+05
   7.8027e+04
  -1.2258e+01

  -1.5362e+05
   7.9233e+04
  -1.2432e+01

  -1.5566e+05
   8.0440e+04
  -1.2606e+01

  -1.5769e+05
   8.1646e+04
  -1.2779e+01

  -1.5972e+05
   8.2852e+04
  -1.2953e+01

  -1.6176e+05
   8.4058e+04
  -1.3127e+01

  -1.6379e+05
   8.5265e+04
  -1.3301e+01

  -1.6582e+05
   8.6471e+04
  -1.3474e+01

  -1.6785e+05
   8.7677e+04
  -1.3648e+01

  -1.6989e+05
   8.8884e+04
  -1.3822e+01

  -1.7192e+05
   9.0090e+04
  -1.3995e+01

  -1.7395e+05
   9.1296e+04
  -1.4169e+01

  -1.7598e+05
   9.2502e+04
  -1.4343e+01

  -1.7802e+05
   9.3709e+04
  -1.4516e+01

  -1.8005e+05
   9.4915e+04
  -1.4690e+01

  -1.8208e+05
   9.6121e+04
  -1.4864e+01

  -1.8412e+05
   9.7327e+04
  -1.5038e+01

  -1.8615e+05
   9.8534e+04
  -1.5211e+01

  -1.8818e+05
   9.9740e+04
  -1.5385e+01

  -1.9021e+05
   1.0095e+05
  -1.5559e+01

  -1.9225e+05
   1.0215e+05
  -1.5732e+01

  -1.9428e+05
   1.0336e+05
  -1.5906e+01

  -1.9631e+05
   1.0456e+05
  -1.6080e+01

  -1.9834e+05
   1.0577e+05
  -1.6253e+01

  -2.0038e+05
   1.0698e+05
  -1.6427e+01

  -2.0241e+05
   1.0818e+05
  -1.6601e+01

  -2.0444e+05
   1.0939e+05
  -1.6775e+01

  -2.0647e+05
   1.1060e+05
  -1.6948e+01

  -2.0851e+05
   1.1180e+05
  -1.7122e+01

  -2.1054e+05
   1.1301e+05
  -1.7296e+01

  -2.1257e+05
   1.1422e+05
  -1.7469e+01

  -2.1461e+05
   1.1542e+05
  -1.7643e+01

  -2.1664e+05
   1.1663e+05
  -1.7817e+01

  -2.1867e+05
   1.1783e+05
  -1.7990e+01

  -2.2070e+05
   1.1904e+05
  -1.8164e+01

  -2.2274e+05
   1.2025e+05
  -1.8338e+01

  -2.2477e+05
   1.2145e+05
  -1.8511e+01

  -2.2680e+05
   1.2266e+05
  -1.8685e+01

  -2.2883e+05
   1.2387e+05
  -1.8859e+01

  -2.3087e+05
   1.2507e+05
  -1.9033e+01

  -2.3290e+05
   1.2628e+05
  -1.9206e+01

  -2.3493e+05
   1.2748e+05
  -1.9380e+01

  -2.3697e+05
   1.2869e+05
  -1.9554e+01

  -2.3900e+05
   1.2990e+05
  -1.9727e+01

  -2.4103e+05
   1.3110e+05
  -1.9901e+01

  -2.4306e+05
   1.3231e+05
  -2.0075e+01

  -2.4510e+05
   1.3352e+05
  -2.0248e+01

  -2.4713e+05
   1.3472e+05
  -2.0422e+01

  -2.4916e+05
   1.3593e+05
  -2.0596e+01

  -2.5119e+05
   1.3713e+05
  -2.0770e+01

  -2.5323e+05
   1.3834e+05
  -2.0943e+01

  -2.5526e+05
   1.3955e+05
  -2.1117e+01

  -2.5729e+05
   1.4075e+05
  -2.1291e+01

  -2.5933e+05
   1.4196e+05
  -2.1464e+01

  -2.6136e+05
   1.4317e+05
  -2.1638e+01

  -2.6339e+05
   1.4437e+05
  -2.1812e+01

  -2.6542e+05
   1.4558e+05
  -2.1985e+01

  -2.6746e+05
   1.4678e+05
  -2.2159e+01

  -2.6949e+05
   1.4799e+05
  -2.2333e+01

  -2.7152e+05
   1.4920e+05
  -2.2507e+01

  -2.7355e+05
   1.5040e+05
  -2.2680e+01

  -2.7559e+05
   1.5161e+05
  -2.2854e+01

  -2.7762e+05
   1.5282e+05
  -2.3028e+01

  -2.7965e+05
   1.5402e+05
  -2.3201e+01

  -2.8168e+05
   1.5523e+05
  -2.3375e+01

  -2.8372e+05
   1.5643e+05
  -2.3549e+01

  -2.8575e+05
   1.5764e+05
  -2.3722e+01

  -2.8778e+05
   1.5885e+05
  -2.3896e+01

  -2.8982e+05
   1.6005e+05
  -2.4070e+01

  -2.9185e+05
   1.6126e+05
  -2.4243e+01

  -2.9388e+05
   1.6247e+05
  -2.4417e+01

  -2.9591e+05
   1.6367e+05
  -2.4591e+01

  -2.9795e+05
   1.6488e+05
  -2.4765e+01

  -2.9998e+05
   1.6608e+05
  -2.4938e+01

  -3.0201e+05
   1.6729e+05
  -2.5112e+01

  -3.0404e+05
   1.6850e+05
  -2.5286e+01

  -3.0608e+05
   1.6970e+05
  -2.5459e+01

  -3.0811e+05
   1.7091e+05
  -2.5633e+01

  -3.1014e+05
   1.7212e+05
  -2.5807e+01

  -3.1218e+05
   1.7332e+05
  -2.5980e+01

  -3.1421e+05
   1.7453e+05
  -2.6154e+01

  -3.1624e+05
   1.7573e+05
  -2.6328e+01

  -3.1827e+05
   1.7694e+05
  -2.6502e+01

  -3.2031e+05
   1.7815e+05
  -2.6675e+01

  -3.2234e+05
   1.7935e+05
  -2.6849e+01

  -3.2437e+05
   1.8056e+05
  -2.7023e+01

  -3.2640e+05
   1.8177e+05
  -2.7196e+01

  -3.2844e+05
   1.8297e+05
  -2.7370e+01

  -3.3047e+05
   1.8418e+05
  -2.7544e+01

  -3.3250e+05
   1.8538e+05
  -2.7717e+01

  -3.3453e+05
   1.8659e+05
  -2.7891e+01

  -3.3657e+05
   1.8780e+05
  -2.8065e+01

  -3.3860e+05
   1.8900e+05
  -2.8239e+01

  -3.4063e+05
   1.9021e+05
  -2.8412e+01

  -3.4267e+05
   1.9142e+05
  -2.8586e+01

  -3.4470e+05
   1.9262e+05
  -2.8760e+01

  -3.4673e+05
   1.9383e+05
  -2.8933e+01

  -3.4876e+05
   1.9504e+05
  -2.9107e+01

  -3.5080e+05
   1.9624e+05
  -2.9281e+01

  -3.5283e+05
   1.9745e+05
  -2.9454e+01

  -3.5486e+05
   1.9865e+05
  -2.9628e+01

  -3.5689e+05
   1.9986e+05
  -2.9802e+01

  -3.5893e+05
   2.0107e+05
  -2.9975e+01

  -3.6096e+05
   2.0227e+05
  -3.0149e+01

  -3.6299e+05
   2.0348e+05
  -3.0323e+01

  -3.6503e+05
   2.0469e+05
  -3.0497e+01

  -3.6706e+05
   2.0589e+05
  -3.0670e+01

  -3.6909e+05
   2.0710e+05
  -3.0844e+01

  -3.7112e+05
   2.0830e+05
  -3.1018e+01

  -3.7316e+05
   2.0951e+05
  -3.1191e+01

  -3.7519e+05
   2.1072e+05
  -3.1365e+01

  -3.7722e+05
   2.1192e+05
  -3.1539e+01

  -3.7925e+05
   2.1313e+05
  -3.1712e+01

  -3.8129e+05
   2.1434e+05
  -3.1886e+01

  -3.8332e+05
   2.1554e+05
  -3.2060e+01

  -3.8535e+05
   2.1675e+05
  -3.2234e+01

  -3.8738e+05
   2.1795e+05
  -3.2407e+01

  -3.8942e+05
   2.1916e+05
  -3.2581e+01

  -3.9145e+05
   2.2037e+05
  -3.2755e+01

  -3.9348e+05
   2.2157e+05
  -3.2928e+01

  -3.9552e+05
   2.2278e+05
  -3.3102e+01

  -3.9755e+05
   2.2399e+05
  -3.3276e+01

  -3.9958e+05
   2.2519e+05
  -3.3449e+01

  -4.0161e+05
   2.2640e+05
  -3.3623e+01

  -4.0365e+05
   2.2760e+05
  -3.3797e+01

  -4.0568e+05
   2.2881e+05
  -3.3971e+01

  -4.0771e+05
   2.3002e+05
  -3.4144e+01

  -4.0974e+05
   2.3122e+05
  -3.4318e+01

  -4.1178e+05
   2.3243e+05
  -3.4492e+01

  -4.1381e+05
   2.3364e+05
  -3.4665e+01

  -4.1584e+05
   2.3484e+05
  -3.4839e+01

  -4.1788e+05
   2.3605e+05
  -3.5013e+01

  -4.1991e+05
   2.3725e+05
  -3.5186e+01

  -4.2194e+05
   2.3846e+05
  -3.5360e+01

  -4.2397e+05
   2.3967e+05
  -3.5534e+01

  -4.2601e+05
   2.4087e+05
  -3.5707e+01

  -4.2804e+05
   2.4208e+05
  -3.5881e+01

  -4.3007e+05
   2.4329e+05
  -3.6055e+01

  -4.3210e+05
   2.4449e+05
  -3.6229e+01

  -4.3414e+05
   2.4570e+05
  -3.6402e+01

  -4.3617e+05
   2.4690e+05
  -3.6576e+01

  -4.3820e+05
   2.4811e+05
  -3.6750e+01

  -4.4023e+05
   2.4932e+05
  -3.6923e+01

  -4.4227e+05
   2.5052e+05
  -3.7097e+01

  -4.4430e+05
   2.5173e+05
  -3.7271e+01

  -4.4633e+05
   2.5294e+05
  -3.7444e+01

  -4.4837e+05
   2.5414e+05
  -3.7618e+01

  -4.5040e+05
   2.5535e+05
  -3.7792e+01

  -4.5243e+05
   2.5655e+05
  -3.7966e+01

  -4.5446e+05
   2.5776e+05
  -3.8139e+01

  -4.5650e+05
   2.5897e+05
  -3.8313e+01

  -4.5853e+05
   2.6017e+05
  -3.8487e+01

  -4.6056e+05
   2.6138e+05
  -3.8660e+01

  -4.6259e+05
   2.6259e+05
  -3.8834e+01

  -4.6463e+05
   2.6379e+05
  -3.9008e+01

  -4.6666e+05
   2.6500e+05
  -3.9181e+01

  -4.6869e+05
   2.6620e+05
  -3.9355e+01

  -4.7073e+05
   2.6741e+05
  -3.9529e+01

  -4.7276e+05
   2.6862e+05
  -3.9703e+01

  -4.7479e+05
   2.6982e+05
  -3.9876e+01

  -4.7682e+05
   2.7103e+05
  -4.0050e+01

  -4.7886e+05
   2.7224e+05
  -4.0224e+01

  -4.8089e+05
   2.7344e+05
  -4.0397e+01

  -4.8292e+05
   2.7465e+05
  -4.0571e+01

  -4.8495e+05
   2.7585e+05
  -4.0745e+01

  -4.8699e+05
   2.7706e+05
  -4.0918e+01

  -4.8902e+05
   2.7827e+05
  -4.1092e+01

  -4.9105e+05
   2.7947e+05
  -4.1266e+01

  -4.9308e+05
   2.8068e+05
  -4.1439e+01

  -4.9512e+05
   2.8189e+05
  -4.1613e+01

  -4.9715e+05
   2.8309e+05
  -4.1787e+01

  -4.9918e+05
   2.8430e+05
  -4.1961e+01

  -5.0122e+05
   2.8551e+05
  -4.2134e+01

  -5.0325e+05
   2.8671e+05
  -4.2308e+01

  -5.0528e+05
   2.8792e+05
  -4.2482e+01

  -5.0731e+05
   2.8912e+05
  -4.2655e+01

  -5.0935e+05
   2.9033e+05
  -4.2829e+01

  -5.1138e+05
   2.9154e+05
  -4.3003e+01

  -5.1341e+05
   2.9274e+05
  -4.3176e+01

  -5.1544e+05
   2.9395e+05
  -4.3350e+01

  -5.1748e+05
   2.9516e+05
  -4.3524e+01

  -5.1951e+05
   2.9636e+05
  -4.3698e+01

  -5.2154e+05
   2.9757e+05
  -4.3871e+01

  -5.2358e+05
   2.9877e+05
  -4.4045e+01

  -5.2561e+05
   2.9998e+05
  -4.4219e+01

  -5.2764e+05
   3.0119e+05
  -4.4392e+01

  -5.2967e+05
   3.0239e+05
  -4.4566e+01

  -5.3171e+05
   3.0360e+05
  -4.4740e+01

  -5.3374e+05
   3.0481e+05
  -4.4913e+01

  -5.3577e+05
   3.0601e+05
  -4.5087e+01

  -5.3780e+05
   3.0722e+05
  -4.5261e+01

  -5.3984e+05
   3.0842e+05
  -4.5435e+01

  -5.4187e+05
   3.0963e+05
  -4.5608e+01

  -5.4390e+05
   3.1084e+05
  -4.5782e+01

  -5.4594e+05
   3.1204e+05
  -4.5956e+01

  -5.4797e+05
   3.1325e+05
  -4.6129e+01

  -5.5000e+05
   3.1446e+05
  -4.6303e+01

  -5.5203e+05
   3.1566e+05
  -4.6477e+01

  -5.5407e+05
   3.1687e+05
  -4.6650e+01

  -5.5610e+05
   3.1807e+05
  -4.6824e+01

  -5.5813e+05
   3.1928e+05
  -4.6998e+01

  -5.6016e+05
   3.2049e+05
  -4.7171e+01

  -5.6220e+05
   3.2169e+05
  -4.7345e+01

  -5.6423e+05
   3.2290e+05
  -4.7519e+01

  -5.6626e+05
   3.2411e+05
  -4.7693e+01

  -5.6829e+05
   3.2531e+05
  -4.7866e+01

  -5.7033e+05
   3.2652e+05
  -4.8040e+01

  -5.7236e+05
   3.2772e+05
  -4.8214e+01

  -5.7439e+05
   3.2893e+05
  -4.8387e+01

  -5.7643e+05
   3.3014e+05
  -4.8561e+01

  -5.7846e+05
   3.3134e+05
  -4.8735e+01

  -5.8049e+05
   3.3255e+05
  -4.8908e+01

  -5.8252e+05
   3.3376e+05
  -4.9082e+01

  -5.8456e+05
   3.3496e+05
  -4.9256e+01

  -5.8659e+05
   3.3617e+05
  -4.9430e+01

  -5.8862e+05
   3.3737e+05
  -4.9603e+01

  -5.9065e+05
   3.3858e+05
  -4.9777e+01

  -5.9269e+05
   3.3979e+05
  -4.9951e+01

  -5.9472e+05
   3.4099e+05
  -5.0124e+01

  -5.9675e+05
   3.4220e+05
  -5.0298e+01

  -5.9879e+05
   3.4341e+05
  -5.0472e+01

  -6.0082e+05
   3.4461e+05
  -5.0645e+01

  -6.0285e+05
   3.4582e+05
  -5.0819e+01

  -6.0488e+05
   3.4702e+05
  -5.0993e+01

  -6.0692e+05
   3.4823e+05
  -5.1167e+01

  -6.0895e+05
   3.4944e+05
  -5.1340e+01

  -6.1098e+05
   3.5064e+05
  -5.1514e+01

  -6.1301e+05
   3.5185e+05
  -5.1688e+01

  -6.1505e+05
   3.5306e+05
  -5.1861e+01

  -6.1708e+05
   3.5426e+05
  -5.2035e+01

  -6.1911e+05
   3.5547e+05
  -5.2209e+01

  -6.2114e+05
   3.5667e+05
  -5.2382e+01

  -6.2318e+05
   3.5788e+05
  -5.2556e+01

  -6.2521e+05
   3.5909e+05
  -5.2730e+01

  -6.2724e+05
   3.6029e+05
  -5.2903e+01

  -6.2928e+05
   3.6150e+05
  -5.3077e+01

  -6.3131e+05
   3.6271e+05
  -5.3251e+01

  -6.3334e+05
   3.6391e+05
  -5.3425e+01

  -6.3537e+05
   3.6512e+05
  -5.3598e+01

  -6.3741e+05
   3.6633e+05
  -5.3772e+01

  -6.3944e+05
   3.6753e+05
  -5.3946e+01

  -6.4147e+05
   3.6874e+05
  -5.4119e+01

  -6.4350e+05
   3.6994e+05
  -5.4293e+01

  -6.4554e+05
   3.7115e+05
  -5.4467e+01

  -6.4757e+05
   3.7236e+05
  -5.4640e+01

  -6.4960e+05
   3.7356e+05
  -5.4814e+01

  -6.5164e+05
   3.7477e+05
  -5.4988e+01

  -6.5367e+05
   3.7598e+05
  -5.5162e+01

  -6.5570e+05
   3.7718e+05
  -5.5335e+01

  -6.5773e+05
   3.7839e+05
  -5.5509e+01

  -6.5977e+05
   3.7959e+05
  -5.5683e+01

  -6.6180e+05
   3.8080e+05
  -5.5856e+01

  -6.6383e+05
   3.8201e+05
  -5.6030e+01

  -6.6586e+05
   3.8321e+05
  -5.6204e+01

  -6.6790e+05
   3.8442e+05
  -5.6377e+01

  -6.6993e+05
   3.8563e+05
  -5.6551e+01

  -6.7196e+05
   3.8683e+05
  -5.6725e+01

  -6.7399e+05
   3.8804e+05
  -5.6898e+01

  -6.7603e+05
   3.8924e+05
  -5.7072e+01

  -6.7806e+05
   3.9045e+05
  -5.7246e+01

  -6.8009e+05
   3.9166e+05
  -5.7420e+01

  -6.8213e+05
   3.9286e+05
  -5.7593e+01

  -6.8416e+05
   3.9407e+05
  -5.7767e+01

  -6.8619e+05
   3.9528e+05
  -5.7941e+01

  -6.8822e+05
   3.9648e+05
  -5.8114e+01

  -6.9026e+05
   3.9769e+05
  -5.8288e+01

  -6.9229e+05
   3.9889e+05
  -5.8462e+01

  -6.9432e+05
   4.0010e+05
  -5.8635e+01

  -6.9635e+05
   4.0131e+05
  -5.8809e+01

  -6.9839e+05
   4.0251e+05
  -5.8983e+01

  -7.0042e+05
   4.0372e+05
  -5.9157e+01

  -7.0245e+05
   4.0493e+05
  -5.9330e+01

  -7.0449e+05
   4.0613e+05
  -5.9504e+01

  -7.0652e+05
   4.0734e+05
  -5.9678e+01

  -7.0855e+05
   4.0854e+05
  -5.9851e+01

  -7.1058e+05
   4.0975e+05
  -6.0025e+01

  -7.1262e+05
   4.1096e+05
  -6.0199e+01

  -7.1465e+05
   4.1216e+05
  -6.0372e+01

  -7.1668e+05
   4.1337e+05
  -6.0546e+01

  -7.1871e+05
   4.1458e+05
  -6.0720e+01

  -7.2075e+05
   4.1578e+05
  -6.0894e+01

  -7.2278e+05
   4.1699e+05
  -6.1067e+01

  -7.2481e+05
   4.1819e+05
  -6.1241e+01

  -7.2684e+05
   4.1940e+05
  -6.1415e+01

  -7.2888e+05
   4.2061e+05
  -6.1588e+01

  -7.3091e+05
   4.2181e+05
  -6.1762e+01

  -7.3294e+05
   4.2302e+05
  -6.1936e+01

  -7.3498e+05
   4.2423e+05
  -6.2109e+01

  -7.3701e+05
   4.2543e+05
  -6.2283e+01

  -7.3904e+05
   4.2664e+05
  -6.2457e+01

  -7.4107e+05
   4.2784e+05
  -6.2630e+01

  -7.4311e+05
   4.2905e+05
  -6.2804e+01

  -7.4514e+05
   4.3026e+05
  -6.2978e+01

  -7.4717e+05
   4.3146e+05
  -6.3152e+01

  -7.4920e+05
   4.3267e+05
  -6.3325e+01

  -7.5124e+05
   4.3388e+05
  -6.3499e+01

  -7.5327e+05
   4.3508e+05
  -6.3673e+01

  -7.5530e+05
   4.3629e+05
  -6.3846e+01

  -7.5734e+05
   4.3749e+05
  -6.4020e+01

  -7.5937e+05
   4.3870e+05
  -6.4194e+01

  -7.6140e+05
   4.3991e+05
  -6.4367e+01

  -7.6343e+05
   4.4111e+05
  -6.4541e+01

  -7.6547e+05
   4.4232e+05
  -6.4715e+01

  -7.6750e+05
   4.4353e+05
  -6.4889e+01

  -7.6953e+05
   4.4473e+05
  -6.5062e+01

  -7.7156e+05
   4.4594e+05
  -6.5236e+01

  -7.7360e+05
   4.4714e+05
  -6.5410e+01

  -7.7563e+05
   4.4835e+05
  -6.5583e+01

  -7.7766e+05
   4.4956e+05
  -6.5757e+01

  -7.7969e+05
   4.5076e+05
  -6.5931e+01

  -7.8173e+05
   4.5197e+05
  -6.6104e+01

  -7.8376e+05
   4.5318e+05
  -6.6278e+01

  -7.8579e+05
   4.5438e+05
  -6.6452e+01

  -7.8783e+05
   4.5559e+05
  -6.6626e+01

  -7.8986e+05
   4.5680e+05
  -6.6799e+01

  -7.9189e+05
   4.5800e+05
  -6.6973e+01

  -7.9392e+05
   4.5921e+05
  -6.7147e+01

  -7.9596e+05
   4.6041e+05
  -6.7320e+01

  -7.9799e+05
   4.6162e+05
  -6.7494e+01

  -8.0002e+05
   4.6283e+05
  -6.7668e+01

  -8.0205e+05
   4.6403e+05
  -6.7841e+01

  -8.0409e+05
   4.6524e+05
  -6.8015e+01

  -8.0612e+05
   4.6645e+05
  -6.8189e+01

  -8.0815e+05
   4.6765e+05
  -6.8362e+01

  -8.1019e+05
   4.6886e+05
  -6.8536e+01

  -8.1222e+05
   4.7006e+05
  -6.8710e+01

  -8.1425e+05
   4.7127e+05
  -6.8884e+01

  -8.1628e+05
   4.7248e+05
  -6.9057e+01

  -8.1832e+05
   4.7368e+05
  -6.9231e+01

  -8.2035e+05
   4.7489e+05
  -6.9405e+01

  -8.2238e+05
   4.7610e+05
  -6.9578e+01

  -8.2441e+05
   4.7730e+05
  -6.9752e+01

  -8.2645e+05
   4.7851e+05
  -6.9926e+01

  -8.2848e+05
   4.7971e+05
  -7.0099e+01

  -8.3051e+05
   4.8092e+05
  -7.0273e+01

  -8.3254e+05
   4.8213e+05
  -7.0447e+01

  -8.3458e+05
   4.8333e+05
  -7.0621e+01

  -8.3661e+05
   4.8454e+05
  -7.0794e+01

  -8.3864e+05
   4.8575e+05
  -7.0968e+01

  -8.4068e+05
   4.8695e+05
  -7.1142e+01

  -8.4271e+05
   4.8816e+05
  -7.1315e+01

  -8.4474e+05
   4.8936e+05
  -7.1489e+01

  -8.4677e+05
   4.9057e+05
  -7.1663e+01

  -8.4881e+05
   4.9178e+05
  -7.1836e+01

  -8.5084e+05
   4.9298e+05
  -7.2010e+01

  -8.5287e+05
   4.9419e+05
  -7.2184e+01

  -8.5490e+05
   4.9540e+05
  -7.2358e+01

  -8.5694e+05
   4.9660e+05
  -7.2531e+01

  -8.5897e+05
   4.9781e+05
  -7.2705e+01

  -8.6100e+05
   4.9901e+05
  -7.2879e+01

  -8.6304e+05
   5.0022e+05
  -7.3052e+01

  -8.6507e+05
   5.0143e+05
  -7.3226e+01

  -8.6710e+05
   5.0263e+05
  -7.3400e+01

  -8.6913e+05
   5.0384e+05
  -7.3573e+01

  -8.7117e+05
   5.0505e+05
  -7.3747e+01

  -8.7320e+05
   5.0625e+05
  -7.3921e+01

  -8.7523e+05
   5.0746e+05
  -7.4094e+01

  -8.7726e+05
   5.0866e+05
  -7.4268e+01

  -8.7930e+05
   5.0987e+05
  -7.4442e+01

  -8.8133e+05
   5.1108e+05
  -7.4616e+01

  -8.8336e+05
   5.1228e+05
  -7.4789e+01

  -8.8540e+05
   5.1349e+05
  -7.4963e+01

  -8.8743e+05
   5.1470e+05
  -7.5137e+01

  -8.8946e+05
   5.1590e+05
  -7.5310e+01

  -8.9149e+05
   5.1711e+05
  -7.5484e+01

  -8.9353e+05
   5.1831e+05
  -7.5658e+01

  -8.9556e+05
   5.1952e+05
  -7.5831e+01

  -8.9759e+05
   5.2073e+05
  -7.6005e+01

  -8.9962e+05
   5.2193e+05
  -7.6179e+01

  -9.0166e+05
   5.2314e+05
  -7.6353e+01

  -9.0369e+05
   5.2435e+05
  -7.6526e+01

  -9.0572e+05
   5.2555e+05
  -7.6700e+01

  -9.0775e+05
   5.2676e+05
  -7.6874e+01

  -9.0979e+05
   5.2796e+05
  -7.7047e+01

  -9.1182e+05
   5.2917e+05
  -7.7221e+01

  -9.1385e+05
   5.3038e+05
  -7.7395e+01

  -9.1589e+05
   5.3158e+05
  -7.7568e+01

  -9.1792e+05
   5.3279e+05
  -7.7742e+01

  -9.1995e+05
   5.3400e+05
  -7.7916e+01

  -9.2198e+05
   5.3520e+05
  -7.8090e+01

  -9.2402e+05
   5.3641e+05
  -7.8263e+01

  -9.2605e+05
   5.3762e+05
  -7.8437e+01

  -9.2808e+05
   5.3882e+05
  -7.8611e+01

  -9.3011e+05
   5.4003e+05
  -7.8784e+01

  -9.3215e+05
   5.4123e+05
  -7.8958e+01

  -9.3418e+05
   5.4244e+05
  -7.9132e+01

  -9.3621e+05
   5.4365e+05
  -7.9305e+01

  -9.3825e+05
   5.4485e+05
  -7.9479e+01

  -9.4028e+05
   5.4606e+05
  -7.9653e+01

  -9.4231e+05
   5.4727e+05
  -7.9826e+01

  -9.4434e+05
   5.4847e+05
  -8.0000e+01

  -9.4638e+05
   5.4968e+05
  -8.0174e+01

  -9.4841e+05
   5.5088e+05
  -8.0348e+01

  -9.5044e+05
   5.5209e+05
  -8.0521e+01

  -9.5247e+05
   5.5330e+05
  -8.0695e+01

  -9.5451e+05
   5.5450e+05
  -8.0869e+01

  -9.5654e+05
   5.5571e+05
  -8.1042e+01

  -9.5857e+05
   5.5692e+05
  -8.1216e+01

  -9.6060e+05
   5.5812e+05
  -8.1390e+01

  -9.6264e+05
   5.5933e+05
  -8.1563e+01

  -9.6467e+05
   5.6053e+05
  -8.1737e+01

  -9.6670e+05
   5.6174e+05
  -8.1911e+01

  -9.6874e+05
   5.6295e+05
  -8.2085e+01

  -9.7077e+05
   5.6415e+05
  -8.2258e+01

  -9.7280e+05
   5.6536e+05
  -8.2432e+01

  -9.7483e+05
   5.6657e+05
  -8.2606e+01

  -9.7687e+05
   5.6777e+05
  -8.2779e+01

  -9.7890e+05
   5.6898e+05
  -8.2953e+01

  -9.8093e+05
   5.7018e+05
  -8.3127e+01

  -9.8296e+05
   5.7139e+05
  -8.3300e+01

  -9.8500e+05
   5.7260e+05
  -8.3474e+01

  -9.8703e+05
   5.7380e+05
  -8.3648e+01

  -9.8906e+05
   5.7501e+05
  -8.3822e+01

  -9.9110e+05
   5.7622e+05
  -8.3995e+01

  -9.9313e+05
   5.7742e+05
  -8.4169e+01

  -9.9516e+05
   5.7863e+05
  -8.4343e+01

  -9.9719e+05
   5.7983e+05
  -8.4516e+01

  -9.9923e+05
   5.8104e+05
  -8.4690e+01

  -1.0013e+06
   5.8225e+05
  -8.4864e+01

  -1.0033e+06
   5.8345e+05
  -8.5037e+01

  -1.0053e+06
   5.8466e+05
  -8.5211e+01

  -1.0074e+06
   5.8587e+05
  -8.5385e+01

  -1.0094e+06
   5.8707e+05
  -8.5558e+01

  -1.0114e+06
   5.8828e+05
  -8.5732e+01

  -1.0135e+06
   5.8948e+05
  -8.5906e+01

  -1.0155e+06
   5.9069e+05
  -8.6080e+01

  -1.0175e+06
   5.9190e+05
  -8.6253e+01

  -1.0196e+06
   5.9310e+05
  -8.6427e+01

  -1.0216e+06
   5.9431e+05
  -8.6601e+01

  -1.0236e+06
   5.9552e+05
  -8.6774e+01

  -1.0257e+06
   5.9672e+05
  -8.6948e+01

  -1.0277e+06
   5.9793e+05
  -8.7122e+01

  -1.0297e+06
   5.9913e+05
  -8.7295e+01

  -1.0317e+06
   6.0034e+05
  -8.7469e+01

  -1.0338e+06
   6.0155e+05
  -8.7643e+01

  -1.0358e+06
   6.0275e+05
  -8.7817e+01

  -1.0378e+06
   6.0396e+05
  -8.7990e+01

  -1.0399e+06
   6.0517e+05
  -8.8164e+01

  -1.0419e+06
   6.0637e+05
  -8.8338e+01

  -1.0439e+06
   6.0758e+05
  -8.8511e+01

  -1.0460e+06
   6.0878e+05
  -8.8685e+01

  -1.0480e+06
   6.0999e+05
  -8.8859e+01

  -1.0500e+06
   6.1120e+05
  -8.9032e+01

  -1.0521e+06
   6.1240e+05
  -8.9206e+01

  -1.0541e+06
   6.1361e+05
  -8.9380e+01

  -1.0561e+06
   6.1482e+05
  -8.9554e+01

  -1.0582e+06
   6.1602e+05
  -8.9727e+01

  -1.0602e+06
   6.1723e+05
  -8.9901e+01

  -1.0622e+06
   6.1843e+05
  -9.0075e+01

  -1.0643e+06
   6.1964e+05
  -9.0248e+01

  -1.0663e+06
   6.2085e+05
  -9.0422e+01

  -1.0683e+06
   6.2205e+05
  -9.0596e+01

  -1.0704e+06
   6.2326e+05
  -9.0769e+01

  -1.0724e+06
   6.2447e+05
  -9.0943e+01

  -1.0744e+06
   6.2567e+05
  -9.1117e+01

  -1.0765e+06
   6.2688e+05
  -9.1290e+01

  -1.0785e+06
   6.2809e+05
  -9.1464e+01

  -1.0805e+06
   6.2929e+05
  -9.1638e+01

  -1.0826e+06
   6.3050e+05
  -9.1812e+01

  -1.0846e+06
   6.3170e+05
  -9.1985e+01

  -1.0866e+06
   6.3291e+05
  -9.2159e+01

  -1.0887e+06
   6.3412e+05
  -9.2333e+01

  -1.0907e+06
   6.3532e+05
  -9.2506e+01

  -1.0927e+06
   6.3653e+05
  -9.2680e+01

  -1.0948e+06
   6.3774e+05
  -9.2854e+01

  -1.0968e+06
   6.3894e+05
  -9.3027e+01

  -1.0988e+06
   6.4015e+05
  -9.3201e+01

  -1.1009e+06
   6.4135e+05
  -9.3375e+01

  -1.1029e+06
   6.4256e+05
  -9.3549e+01

  -1.1049e+06
   6.4377e+05
  -9.3722e+01

  -1.1070e+06
   6.4497e+05
  -9.3896e+01

  -1.1090e+06
   6.4618e+05
  -9.4070e+01

  -1.1110e+06
   6.4739e+05
  -9.4243e+01

  -1.1131e+06
   6.4859e+05
  -9.4417e+01

  -1.1151e+06
   6.4980e+05
  -9.4591e+01

  -1.1171e+06
   6.5100e+05
  -9.4764e+01

  -1.1192e+06
   6.5221e+05
  -9.4938e+01

  -1.1212e+06
   6.5342e+05
  -9.5112e+01

  -1.1232e+06
   6.5462e+05
  -9.5285e+01

  -1.1253e+06
   6.5583e+05
  -9.5459e+01

  -1.1273e+06
   6.5704e+05
  -9.5633e+01

  -1.1293e+06
   6.5824e+05
  -9.5807e+01

  -1.1314e+06
   6.5945e+05
  -9.5980e+01

  -1.1334e+06
   6.6065e+05
  -9.6154e+01

  -1.1354e+06
   6.6186e+05
  -9.6328e+01

  -1.1374e+06
   6.6307e+05
  -9.6501e+01

  -1.1395e+06
   6.6427e+05
  -9.6675e+01

  -1.1415e+06
   6.6548e+05
  -9.6849e+01

  -1.1435e+06
   6.6669e+05
  -9.7022e+01

  -1.1456e+06
   6.6789e+05
  -9.7196e+01

  -1.1476e+06
   6.6910e+05
  -9.7370e+01

  -1.1496e+06
   6.7030e+05
  -9.7544e+01

  -1.1517e+06
   6.7151e+05
  -9.7717e+01

  -1.1537e+06
   6.7272e+05
  -9.7891e+01

  -1.1557e+06
   6.7392e+05
  -9.8065e+01

  -1.1578e+06
   6.7513e+05
  -9.8238e+01

  -1.1598e+06
   6.7634e+05
  -9.8412e+01

  -1.1618e+06
   6.7754e+05
  -9.8586e+01

  -1.1639e+06
   6.7875e+05
  -9.8759e+01

  -1.1659e+06
   6.7995e+05
  -9.8933e+01

  -1.1679e+06
   6.8116e+05
  -9.9107e+01

  -1.1700e+06
   6.8237e+05
  -9.9281e+01

  -1.1720e+06
   6.8357e+05
  -9.9454e+01

  -1.1740e+06
   6.8478e+05
  -9.9628e+01

  -1.1761e+06
   6.8599e+05
  -9.9802e+01

  -1.1781e+06
   6.8719e+05
  -9.9975e+01

  -1.1801e+06
   6.8840e+05
  -1.0015e+02

  -1.1822e+06
   6.8960e+05
  -1.0032e+02

  -1.1842e+06
   6.9081e+05
  -1.0050e+02

  -1.1862e+06
   6.9202e+05
  -1.0067e+02

  -1.1883e+06
   6.9322e+05
  -1.0084e+02

  -1.1903e+06
   6.9443e+05
  -1.0102e+02

  -1.1923e+06
   6.9564e+05
  -1.0119e+02

  -1.1944e+06
   6.9684e+05
  -1.0136e+02

  -1.1964e+06
   6.9805e+05
  -1.0154e+02

  -1.1984e+06
   6.9925e+05
  -1.0171e+02

  -1.2005e+06
   7.0046e+05
  -1.0189e+02

  -1.2025e+06
   7.0167e+05
  -1.0206e+02

  -1.2045e+06
   7.0287e+05
  -1.0223e+02

  -1.2066e+06
   7.0408e+05
  -1.0241e+02

  -1.2086e+06
   7.0529e+05
  -1.0258e+02

  -1.2106e+06
   7.0649e+05
  -1.0275e+02

  -1.2127e+06
   7.0770e+05
  -1.0293e+02

  -1.2147e+06
   7.0891e+05
  -1.0310e+02

  -1.2167e+06
   7.1011e+05
  -1.0328e+02

  -1.2188e+06
   7.1132e+05
  -1.0345e+02

  -1.2208e+06
   7.1252e+05
  -1.0362e+02

  -1.2228e+06
   7.1373e+05
  -1.0380e+02

  -1.2249e+06
   7.1494e+05
  -1.0397e+02

  -1.2269e+06
   7.1614e+05
  -1.0414e+02

  -1.2289e+06
   7.1735e+05
  -1.0432e+02

  -1.2310e+06
   7.1856e+05
  -1.0449e+02

  -1.2330e+06
   7.1976e+05
  -1.0467e+02

  -1.2350e+06
   7.2097e+05
  -1.0484e+02

  -1.2371e+06
   7.2217e+05
  -1.0501e+02

  -1.2391e+06
   7.2338e+05
  -1.0519e+02

  -1.2411e+06
   7.2459e+05
  -1.0536e+02

  -1.2431e+06
   7.2579e+05
  -1.0553e+02

  -1.2452e+06
   7.2700e+05
  -1.0571e+02

  -1.2472e+06
   7.2821e+05
  -1.0588e+02

  -1.2492e+06
   7.2941e+05
  -1.0605e+02

  -1.2513e+06
   7.3062e+05
  -1.0623e+02

  -1.2533e+06
   7.3182e+05
  -1.0640e+02

  -1.2553e+06
   7.3303e+05
  -1.0658e+02

